1.000000000 0.000000000 0.000000000 0.000000000 0.000000000 1.000000000 0.000000000 0.000000000 0.000000000 0.000000000 1.000000000 0.000000000
0.999990826 -0.002665280 -0.003353267 -0.003010248 0.002657756 0.999993945 -0.002246199 -0.003518627 0.003359233 0.002237266 0.999991855 0.679034749
0.999969638 -0.001282167 -0.007686320 -0.009310914 0.001251819 0.999991408 -0.003951831 -0.004341195 0.007691321 0.003942090 0.999962651 1.377445301
0.999928356 -0.001321818 -0.011896903 -0.022178119 0.001255364 0.999983579 -0.005591591 -0.005594401 0.011904099 0.005576256 0.999913595 2.094414278
0.999865997 -0.000197182 -0.016369128 -0.054304159 0.000097480 0.999981443 -0.006091382 -0.012520987 0.016370025 0.006088970 0.999847462 2.816666269
0.999781679 -0.001301026 -0.020854278 -0.072446738 0.001167379 0.999978713 -0.006419503 -0.020790013 0.020862186 0.006393757 0.999761916 3.559375086
0.999672811 0.000528164 -0.025573248 -0.098595436 -0.000726123 0.999969842 -0.007732202 -0.029287921 0.025568393 0.007748242 0.999643047 4.319292211
0.999567592 0.005307645 -0.028921583 -0.137909185 -0.005438009 0.999975398 -0.004430701 -0.058545186 0.028897355 0.004586061 0.999571864 4.924440895
0.999417345 0.005747198 -0.033644327 -0.162646331 -0.005845729 0.999978906 -0.002830968 -0.064534291 0.033627347 0.003025994 0.999429860 5.717194749
0.999268735 0.014184304 -0.035507762 -0.150432837 -0.013156120 0.999492114 0.029024653 -0.701725645 0.035901423 -0.028536284 0.998947831 6.258127623
0.999133352 0.013809156 -0.039266428 -0.181130496 -0.012569948 0.999420519 0.031632615 -0.683271528 0.039680493 -0.031111624 0.998727954 7.077093184
0.999000794 0.015423339 -0.041946803 -0.223260174 -0.014127096 0.999418772 0.031024875 -0.665846860 0.042400929 -0.030401288 0.998638034 7.901833240
0.343561711 -0.699248484 -0.626910607 -8.959327597 -0.778714588 0.161026841 -0.606361235 -11.562980545 0.524946609 0.696506938 -0.489192338 -9.944671835
0.340118150 -0.700693403 -0.627174935 -9.480154841 -0.779549268 0.162928781 -0.604778596 -12.074734273 0.525949221 0.694609939 -0.490809994 -10.354778802
0.338505488 -0.700220076 -0.628574483 -10.007538469 -0.780890731 0.163660828 -0.602847244 -12.590540617 0.524998763 0.694915088 -0.491395278 -10.775783193
0.336964301 -0.701008091 -0.628524237 -10.544788845 -0.781328008 0.164280698 -0.602111615 -13.099987428 0.525339514 0.693973709 -0.492360524 -11.205004473
0.337356487 -0.701709326 -0.627530575 -11.084418798 -0.782951176 0.160961794 -0.600898291 -13.617393026 0.522664382 0.694042739 -0.495102637 -11.638779470
0.336863270 -0.703156283 -0.626174400 -11.627713224 -0.783856659 0.159000446 -0.600239615 -14.136112633 0.521624266 0.693029653 -0.497612325 -12.078702015
0.338437393 -0.703101306 -0.625386828 -12.187291182 -0.785992124 0.154188667 -0.598700456 -14.677163298 0.517374634 0.694171743 -0.500448878 -12.518375297
0.337980986 -0.702448926 -0.626365995 -12.741034702 -0.787008165 0.154032621 -0.597404470 -15.213739252 0.516126924 0.694866504 -0.500772943 -12.973684951
0.335859637 -0.701942853 -0.628072079 -13.302898548 -0.787955382 0.155955105 -0.595654532 -15.760749773 0.516066488 0.694949089 -0.500720624 -13.432118725
0.335079374 -0.700740508 -0.629828987 -13.867972903 -0.789126556 0.156507537 -0.593956790 -16.306176470 0.514782567 0.696037449 -0.500530497 -13.894138762
0.332936893 -0.701263137 -0.630383246 -14.415351005 -0.787366400 0.161101657 -0.595063366 -16.734775919 0.518851788 0.694461135 -0.498514346 -14.324100737
0.331813831 -0.701911636 -0.630253629 -14.985069708 -0.788545198 0.160329725 -0.593709399 -17.273950530 0.517779926 0.693984463 -0.500289430 -14.784472840
0.331248273 -0.706413483 -0.625503455 -15.627029117 -0.793634949 0.149945444 -0.589626942 -17.926719455 0.510311815 0.691734309 -0.510965260 -15.122020783
0.330712040 -0.705371649 -0.626961229 -16.203566260 -0.794067145 0.151023794 -0.588769210 -18.473460353 0.509987173 0.692562380 -0.510167064 -15.601013231
0.306222357 -0.707075841 -0.637394402 -16.820650182 -0.791043996 0.183492448 -0.583592253 -19.245199521 0.529601042 0.682916010 -0.503138609 -16.363229779
0.307371050 -0.704373038 -0.639829401 -17.413776361 -0.790612838 0.185163423 -0.583648736 -19.790472707 0.529579435 0.685254063 -0.499972491 -16.846133188
0.305717138 -0.703053690 -0.642068954 -18.049985821 -0.788849630 0.190582238 -0.584289887 -20.354880684 0.533154099 0.685123288 -0.496339387 -17.367812252
0.306902890 -0.702441185 -0.642173650 -18.644476291 -0.788054778 0.190773789 -0.585299093 -20.906821574 0.533648089 0.685697997 -0.495013105 -17.843182798
0.308128613 -0.704237020 -0.639614710 -19.242153114 -0.787500495 0.188404337 -0.586810682 -21.463092010 0.533759991 0.684510062 -0.496534234 -18.317689624
0.279089755 -0.707528662 -0.649239634 -18.601370801 -0.795175348 0.208749979 -0.569315038 -21.745664185 0.538335467 0.675149346 -0.504349369 -16.992940299
0.279606838 -0.709658726 -0.646687334 -19.214415849 -0.794408415 0.207266237 -0.570925545 -22.286940072 0.539198745 0.673368546 -0.505805807 -17.477584443
0.278288226 -0.709730820 -0.647176812 -19.832696016 -0.793553726 0.209717508 -0.571218917 -22.838479107 0.541135978 0.672533069 -0.504847624 -17.967978739
0.383951512 -0.640467488 -0.665118510 -19.905985347 -0.834584955 0.067454774 -0.546733762 -23.316671189 0.395030618 0.765017157 -0.508625167 -17.308084702
0.380560198 -0.639704367 -0.667796570 -20.547355173 -0.834923869 0.072790903 -0.545530583 -23.858679005 0.397587811 0.765166523 -0.506403125 -17.814187393
0.374742933 -0.642902157 -0.668015382 -21.184784800 -0.835184383 0.078742725 -0.544303802 -24.405813906 0.402535440 0.761890018 -0.507433562 -18.314185641
0.457879225 -0.596403764 -0.659279278 -21.824631688 -0.828595021 -0.017575139 -0.559572520 -24.954116040 0.322144232 0.802492159 -0.502224480 -18.320060456
0.457452786 -0.598654318 -0.657533235 -22.466649443 -0.829369980 -0.020515499 -0.558322981 -25.494557886 0.320752841 0.800744729 -0.505890792 -18.823338718
0.396709186 -0.603644982 -0.691545051 -24.019355515 -0.861928505 0.014183501 -0.506831413 -30.429484758 0.315754769 0.797127069 -0.514672091 -20.753867812
0.396655391 -0.602866406 -0.692254720 -24.711502175 -0.862091813 0.014440543 -0.506546323 -30.923052593 0.315376295 0.797711456 -0.513998273 -21.274528524
-0.535257149 -0.476955202 -0.697146699 -30.788380541 -0.277329160 0.878807876 -0.388310771 -27.547765375 0.797864851 -0.014507008 -0.602661784 -18.442140332
-0.536105248 -0.476173630 -0.697029295 -31.481890020 -0.278002258 0.879245974 -0.386834929 -27.948308262 0.797060793 -0.013608517 -0.603745725 -19.055090928
-0.591265259 -0.391614213 -0.705013264 -32.452079916 -0.173885349 0.915531400 -0.362720471 -27.473374547 0.787508272 -0.091872535 -0.609417885 -19.911899354
-0.591495918 -0.389336829 -0.706080316 -33.158783151 -0.173664555 0.916658555 -0.359969049 -27.849833612 0.787383770 -0.090299099 -0.609813800 -20.523772702
-0.590617923 -0.390594222 -0.706120828 -33.857483270 -0.177488143 0.916498086 -0.358509717 -28.221295534 0.787190211 -0.086414190 -0.610626039 -21.154938746
-0.591029200 -0.391045125 -0.705526892 -34.562157719 -0.177648019 0.916263479 -0.359029830 -28.595015229 0.786845389 -0.086861658 -0.611006863 -21.766983100
-0.597873698 -0.397249860 -0.696232426 -35.618737590 -0.185287035 0.913529534 -0.362122224 -29.054580246 0.779881886 -0.087500511 -0.619780529 -22.304142354
-0.596909399 -0.400199152 -0.695370266 -36.301728829 -0.187338167 0.912276121 -0.364220661 -29.424146763 0.780130489 -0.087137345 -0.619518767 -22.927247415
-0.597956862 -0.399973411 -0.694599785 -36.989303547 -0.187460365 0.912346634 -0.363981085 -29.799376695 0.779298532 -0.087435058 -0.620523092 -23.542525512
-0.631548789 -0.367067655 -0.682940307 -38.457310798 -0.140046037 0.920349404 -0.365163089 -29.459218721 0.762583264 -0.134975223 -0.632651922 -24.813136097
-0.632226935 -0.366500569 -0.682617342 -39.128108423 -0.140852662 0.920730579 -0.363889721 -29.837543766 0.761872450 -0.133912413 -0.633733252 -25.436533183
-0.631466797 -0.370942305 -0.680919592 -39.799611843 -0.143714012 0.918923583 -0.367322380 -30.214476131 0.761968481 -0.134094200 -0.633579339 -26.062341789
-0.624198378 -0.381590737 -0.681736675 -40.497864491 -0.156205603 0.915942245 -0.369661485 -30.579373008 0.765490819 -0.124251011 -0.631336275 -26.667013684
-0.624377625 -0.383076199 -0.680738722 -41.154865542 -0.157420167 0.915316468 -0.370694827 -30.948288572 0.765095727 -0.124291553 -0.631807042 -27.281759356
-0.707355250 0.042620525 -0.705572137 -31.288143429 0.349173313 0.888960181 -0.296357545 -26.387305308 0.614594621 -0.455997026 -0.643692601 -28.194541501
-0.707525179 0.046437653 -0.705160737 -31.978527949 0.351024447 0.889130075 -0.293648681 -26.688294515 0.613343263 -0.455292493 -0.645382667 -28.813987196
-0.695313965 0.164663470 -0.699588759 -32.030707756 0.452461147 0.856583207 -0.248080875 -27.288162036 0.558406124 -0.489030829 -0.670098088 -29.476019970
-0.695075954 0.165825491 -0.699550802 -32.710943469 0.454992837 0.854844188 -0.249445248 -27.536675787 0.556642557 -0.491673998 -0.669631051 -30.113598831
-0.606941784 0.114300427 -0.786484001 -33.669467354 0.274497468 0.958852097 -0.072483075 -27.855641773 0.745836987 -0.259880874 -0.613342580 -38.428259905
-0.607706732 0.116284938 -0.785601897 -34.421795621 0.275996911 0.958486180 -0.071623649 -27.936652299 0.744659810 -0.260349871 -0.614572788 -39.010827064
-0.608317949 0.121586122 -0.784325244 -35.168607862 0.279119031 0.957845955 -0.067997736 -28.015066536 0.742995181 -0.260284346 -0.616611887 -39.587843867
-0.608643388 0.126342174 -0.783320420 -35.917906995 0.280320131 0.957815627 -0.063323365 -28.092614246 0.742276128 -0.258121830 -0.618384404 -40.171141118
-0.609323698 0.127213499 -0.782650213 -36.654260714 0.278723725 0.958418449 -0.061214072 -28.170461514 0.742319147 -0.255442367 -0.619444494 -40.749981385
-0.610748416 0.123191123 -0.782183047 -37.391491649 0.277266499 0.958555912 -0.065527496 -28.246491830 0.741693778 -0.256893969 -0.619593276 -41.333284322
-0.958240425 -0.284368415 0.030164417 -26.487487176 -0.118123379 0.297549621 -0.947370619 -38.018215746 0.260426870 -0.911371948 -0.318714634 -36.179562308
-0.957584773 -0.286316078 0.032473173 -26.451957717 -0.119668759 0.292632694 -0.948707275 -38.889706149 0.262127434 -0.912353665 -0.314483701 -36.463022835
-0.956140674 -0.291007215 0.033313838 -26.410050566 -0.122156468 0.292796649 -0.948339559 -39.758386608 0.266219474 -0.910815527 -0.315503199 -36.744797789
-0.955365204 -0.293526399 0.033460117 -26.368237937 -0.123740688 0.294736648 -0.947532876 -40.601645132 0.268263990 -0.909380317 -0.317902297 -37.012822830
-0.954639166 -0.295810193 0.034064547 -26.324849130 -0.125468670 0.295864550 -0.946953949 -41.453206041 0.270040138 -0.908273361 -0.319558798 -37.286891276
-0.951681137 -0.304844918 0.037048472 -26.476291581 -0.132754415 0.299618920 -0.944777629 -41.756740493 0.276910236 -0.904045396 -0.325611183 -37.129097386
-0.948625176 -0.313867192 0.039970746 -26.624674380 -0.140064112 0.303294004 -0.942546970 -42.062118657 0.283711684 -0.899722253 -0.331673858 -36.971955370
-0.960088957 -0.277851202 0.032060952 -25.802087516 -0.119464831 0.303729500 -0.945238883 -42.780608969 0.252897903 -0.911343569 -0.324800785 -37.505131013
-0.970114643 -0.241469471 0.023876218 -24.976860017 -0.098838705 0.303378574 -0.947730105 -43.518602427 0.221604354 -0.921766747 -0.318178527 -38.006647685
-0.978686923 -0.204777566 0.015429046 -24.150429411 -0.078217236 0.302241764 -0.950016832 -44.275946182 0.189878832 -0.930975867 -0.311817197 -38.476324844
-0.985792703 -0.167831527 0.006732337 -23.324235065 -0.057631921 0.300320804 -0.952095571 -45.052457830 0.157769793 -0.938956864 -0.305726511 -38.914030577
-0.948643094 -0.316021460 0.014377637 -26.196699062 -0.108479127 0.282270295 -0.953181913 -38.044028935 0.297167560 -0.905789113 -0.302055498 -36.436798864
-0.947642487 -0.318961660 0.015400555 -26.170233156 -0.110905035 0.283509815 -0.952534649 -38.793138936 0.299455825 -0.904370302 -0.304040401 -36.664018811
-0.946564798 -0.322019848 0.017840998 -26.139471117 -0.112900282 0.279032077 -0.953621847 -39.523784309 0.302106952 -0.904679124 -0.300478073 -36.883415031
-0.946314631 -0.322538135 0.021395584 -26.119253072 -0.114422293 0.272335831 -0.955374656 -40.198793170 0.302317976 -0.906533147 -0.294620934 -37.072654301
-0.946408400 -0.322021664 0.024762628 -26.097519799 -0.115785646 0.266714171 -0.956795294 -40.884182256 0.301504269 -0.908386261 -0.289706019 -37.276582556
-0.946099068 -0.322866639 0.025567279 -26.069789309 -0.116395493 0.265282066 -0.957119384 -41.554131060 0.302239378 -0.908505673 -0.288563337 -37.480540886
-0.945343880 -0.325089868 0.025328358 -26.045508806 -0.117909602 0.268385734 -0.956068211 -42.194509681 0.304010319 -0.906799689 -0.292048028 -37.665538801
-0.944976103 -0.325371326 0.033965637 -26.195965071 -0.126518941 0.267740750 -0.955148077 -42.858974051 0.301683811 -0.906889404 -0.294174246 -37.858109933
-0.945870961 -0.322521319 0.036168005 -26.168240216 -0.126870272 0.264881618 -0.955898354 -43.475079687 0.298717358 -0.908745139 -0.291462197 -38.034395485
-0.948269864 -0.315204195 0.037823011 -26.151436612 -0.124899662 0.260885768 -0.957255813 -44.078136857 0.291863563 -0.912460921 -0.286759009 -38.202275788
-0.949426014 -0.311569843 0.038916273 -26.138467928 -0.123473897 0.256518434 -0.958620097 -44.665506555 0.288694371 -0.914944002 -0.282016017 -38.369451571
-0.949474965 -0.311828375 0.035501496 -26.077386312 -0.120387849 0.257408709 -0.958773968 -45.288812579 0.289834534 -0.914605828 -0.281943472 -38.518413281
-0.948119247 -0.316442433 0.030562712 -26.044299590 -0.117620117 0.259841001 -0.958461352 -45.841836920 0.295356396 -0.912330445 -0.283580250 -38.676108572
-0.948814246 -0.314842785 0.025010943 -26.024796835 -0.112545898 0.263051268 -0.958194892 -46.380879533 0.295101589 -0.911963843 -0.285021055 -38.827761548
-0.938903489 -0.343661328 0.018897887 -26.008361076 -0.112124058 0.253494523 -0.960816696 -46.943094430 0.325405031 -0.904233055 -0.276539595 -38.886877135
-0.940642699 -0.339247987 0.010105271 -26.007894429 -0.103187580 0.257492925 -0.960754764 -47.458073602 0.323332083 -0.904769693 -0.277215019 -39.014766930
-0.939731340 -0.341913020 -0.000704172 -26.008547456 -0.092961464 0.257480910 -0.961801303 -47.957966376 0.329033699 -0.903769367 -0.273747615 -39.150160506
-0.937805718 -0.346842909 -0.014846971 -26.008246754 -0.079651335 0.256596110 -0.963231074 -48.447971219 0.337899542 -0.902141027 -0.268263800 -39.280727045
-0.935736568 -0.351120349 -0.033340315 -26.015824034 -0.065342353 0.265473985 -0.961901211 -48.969637463 0.346594075 -0.897907603 -0.271356745 -39.237966024
-0.939410113 -0.336512492 -0.065329794 -25.628001840 -0.033478206 0.279732042 -0.959494239 -49.661178084 0.341156634 -0.899171467 -0.274048943 -39.074618150
-0.939660402 -0.333698058 -0.075391880 -26.007150943 -0.020670757 0.275351436 -0.961121380 -50.022912192 0.341483600 -0.901569295 -0.265634633 -39.158076997
-0.938702011 -0.329422285 -0.101584903 -26.180149160 0.008074759 0.273587754 -0.961813152 -50.426885796 0.344635071 -0.903676214 -0.254157369 -39.402507986
-0.934917875 -0.328930627 -0.133166097 -26.257109642 0.039935134 0.275352209 -0.960513584 -50.864016642 0.352609915 -0.903319325 -0.244295814 -39.495822722
-0.934082480 -0.306882175 -0.182519180 -25.920078567 0.091085239 0.289464183 -0.952845195 -51.306703351 0.345243971 -0.906660806 -0.242430985 -39.514503786
