1.000000000 0.000000000 0.000000000 0.000000000 0.000000000 1.000000000 0.000000000 0.000000000 0.000000000 0.000000000 1.000000000 0.000000000
0.999990568 -0.002337754 -0.003660575 0.004600824 0.002329169 0.999994532 -0.002347626 -0.004074468 0.003666043 0.002339078 0.999990544 0.680583312
0.999966877 -0.001377247 -0.008021682 -0.005720082 0.001347767 0.999992323 -0.003679282 -0.010562595 0.008026687 0.003668349 0.999961057 1.376240849
0.999930388 -0.001516860 -0.011701208 -0.025877830 0.001454840 0.999984860 -0.005306984 -0.011270067 0.011709080 0.005289591 0.999917455 2.085212424
0.999866531 -0.000385919 -0.016333150 -0.051495909 0.000291209 0.999983134 -0.005800624 -0.021056701 0.016335114 0.005795094 0.999849779 2.803442538
0.999784900 -0.001366769 -0.020695044 -0.073152711 0.001240621 0.999980581 -0.006107208 -0.026966595 0.020702989 0.006080219 0.999767181 3.555983611
0.999676897 0.000733875 -0.025407915 -0.095586524 -0.000922752 0.999972024 -0.007422880 -0.031421222 0.025401756 0.007443927 0.999649608 4.314541129
0.999542612 0.002475743 -0.030140281 -0.127331987 -0.002703248 0.999968147 -0.007509809 -0.050407739 0.030120729 0.007587851 0.999517467 5.066242413
0.999393895 0.002432942 -0.034726414 -0.156592480 -0.002633237 0.999980155 -0.005723249 -0.061526117 0.034711800 0.005811223 0.999380468 5.856879915
0.999224126 0.001325579 -0.039362270 -0.189193157 -0.001437263 0.999995021 -0.002809186 -0.073008489 0.039358351 0.002863580 0.999221057 6.651823285
0.999108549 0.001268290 -0.042195947 -0.229955514 -0.001293219 0.999999005 -0.000563508 -0.073782728 0.042195191 0.000617574 0.999109195 7.416478862
0.998984797 0.002836202 -0.044959229 -0.276357897 -0.002902402 0.999994798 -0.001407236 -0.077065293 0.044955004 0.001536297 0.998987831 8.245192369
0.998891861 0.001917626 -0.047025240 -0.328422706 -0.001992034 0.999996837 -0.001535476 -0.081596314 0.047022146 0.001627450 0.998892521 9.071966113
0.998796735 -0.001149470 -0.049028164 -0.368655870 0.001060273 0.999997735 -0.001845269 -0.095214039 0.049030174 0.001791065 0.998795692 9.909416965
0.998698081 -0.001303128 -0.050994559 -0.412497850 0.001250607 0.999998654 -0.001061818 -0.101212422 0.050995874 0.000996662 0.998698367 10.740361772
0.998624940 -0.002834767 -0.052346860 -0.457305802 0.002768920 0.999995282 -0.001330369 -0.112228322 0.052350384 0.001183595 0.998628077 11.579685166
0.998526140 -0.000149453 -0.054272691 -0.518238857 -0.000060713 0.999992507 -0.003870733 -0.120346920 0.054272863 0.003868323 0.998518649 12.455274973
0.998431454 0.001337270 -0.055971809 -0.538648565 -0.001718196 0.999975688 -0.006758115 -0.131936354 0.055961411 0.006843685 0.998409477 13.264211538
0.998278463 0.003503901 -0.058547704 -0.545199913 -0.003960651 0.999962610 -0.007687110 -0.146791975 0.058518580 0.007905763 0.998255015 14.070182802
0.998216208 0.004115918 -0.059560567 -0.612374611 -0.004556662 0.999963220 -0.007266001 -0.162448287 0.059528470 0.007524438 0.998198249 14.961903948
0.998146064 0.002348598 -0.060818736 -0.688842900 -0.002726527 0.999977483 -0.006131772 -0.163508710 0.060802966 0.006286228 0.998129993 15.878108640
0.998038653 0.003499242 -0.062502825 -0.728451211 -0.003783995 0.999982992 -0.004438043 -0.186849320 0.062486233 0.004665849 0.998034920 16.746746381
0.997983088 0.003425541 -0.063387860 -0.797525500 -0.003708154 0.999983701 -0.004341368 -0.204248604 0.063371955 0.004567664 0.997979525 17.664267800
0.997863850 0.002023650 -0.065296567 -0.863002036 -0.002359448 0.999984384 -0.005065960 -0.210945137 0.065285296 0.005209203 0.997853042 18.576648011
0.997779649 0.000329126 -0.066600771 -0.901709313 -0.000719750 0.999982681 -0.005841243 -0.222043014 0.066597695 0.005876209 0.997762606 19.450787226
0.997733363 0.000069250 -0.067291390 -0.971682755 -0.000340800 0.999991846 -0.004023962 -0.232925503 0.067290563 0.004037774 0.997725251 20.386827181
0.997734552 0.000653231 -0.067270619 -1.033358358 -0.000679577 0.999999701 -0.000368764 -0.244221595 0.067270358 0.000413645 0.997734698 21.303536513
0.997777639 0.001337968 -0.066618264 -1.103855308 -0.001118175 0.999993809 0.003336461 -0.251881340 0.066622315 -0.003254556 0.997772958 22.255331133
0.997870686 0.000037169 -0.065223401 -1.171158534 0.000382093 0.999979347 0.006415602 -0.264849875 0.065222292 -0.006426863 0.997850063 23.198377008
0.997968514 0.000585744 -0.063706378 -1.227062168 -0.000134096 0.999974831 0.007093572 -0.270767854 0.063708930 -0.007070619 0.997943475 24.120758369
0.998054604 -0.000694542 -0.062342001 -1.293621679 0.000973011 0.999989685 0.004436535 -0.271683544 0.062338277 -0.004488564 0.998044985 25.071475257
0.998117953 0.000330296 -0.061322447 -1.370398863 -0.000346685 0.999999907 -0.000256617 -0.280463357 0.061322357 0.000277394 0.998117975 26.040671826
0.998176378 -0.002577953 -0.060309807 -1.417336519 0.002405583 0.999992813 -0.002930501 -0.277845364 0.060316928 0.002780077 0.998175405 26.973586161
0.998218832 -0.004563291 -0.059483948 -1.496889010 0.004436434 0.999987595 -0.002264506 -0.286894428 0.059493544 0.001996576 0.998226694 27.969456203
0.998185833 -0.005423149 -0.059963591 -1.540033704 0.005570785 0.999981849 0.002295193 -0.294136509 0.059950055 -0.002625074 0.998197926 28.926140064
0.998122709 -0.009241100 -0.060544697 -1.616076656 0.009594416 0.999938584 0.005547505 -0.301181570 0.060489713 -0.006117982 0.998150071 29.919812357
0.997956145 -0.016964075 -0.061609687 -1.669854313 0.017307559 0.999837481 0.005045753 -0.309595323 0.061514078 -0.006101753 0.998087565 30.876221126
0.997869971 -0.018138060 -0.062662051 -1.746133914 0.018252615 0.999832618 0.001256140 -0.333240731 0.062628778 -0.002397211 0.998034012 31.855712189
0.997802405 -0.017686880 -0.063855577 -1.830568948 0.017540493 0.999842085 -0.002852394 -0.342116847 0.063895944 0.001726068 0.997955074 32.848969421
0.997667027 -0.016785905 -0.066172029 -1.899598643 0.016567620 0.999855350 -0.003846160 -0.343823768 0.066227018 0.002740874 0.997800817 33.841645672
0.997587707 -0.016622567 -0.067397751 -1.945018162 0.016485715 0.999860757 -0.002586234 -0.355804408 0.067431356 0.001468896 0.997722835 34.828642566
0.997571570 -0.013331358 -0.068361087 -2.032295245 0.013373241 0.999910562 0.000155053 -0.373322174 0.068352905 -0.001068886 0.997660633 35.816412176
0.997481582 -0.012569625 -0.069803276 -2.094738788 0.012712050 0.999917924 0.001596522 -0.398385794 0.069777479 -0.002479844 0.997559499 36.810706509
0.997413115 -0.012036614 -0.070867470 -2.174060553 0.012337210 0.999916652 0.003805478 -0.393900848 0.070815759 -0.004669940 0.997478481 37.801971781
0.997456879 -0.011185459 -0.070389343 -2.251211524 0.011724135 0.999905028 0.007244311 -0.422287979 0.070301627 -0.008051142 0.997493288 38.792833359
0.997459936 -0.005155143 -0.071042955 -2.329029691 0.005854369 0.999936420 0.009637588 -0.430712329 0.070988755 -0.010029020 0.997426697 39.776904709
0.997452836 -0.004183545 -0.071206299 -2.395135050 0.004833596 0.999948183 0.008959256 -0.444685437 0.071165128 -0.009280617 0.997421373 40.748338522
0.997478486 -0.003128291 -0.070900523 -2.465403904 0.003642081 0.999968030 0.007118526 -0.453964109 0.070875988 -0.007358802 0.997457990 41.724353773
0.997475014 0.000197146 -0.071018006 -2.529993235 0.000166223 0.999986927 0.005110633 -0.471351707 0.071018085 -0.005109533 0.997461941 42.692955939
0.997409774 0.001212081 -0.071918518 -2.598801151 -0.000848831 0.999986730 0.005081204 -0.490486957 0.071923723 -0.005006996 0.997397568 43.678714186
0.997338535 0.000713724 -0.072906361 -2.684619592 -0.000274586 0.999981763 0.006033157 -0.508077764 0.072909337 -0.005997081 0.997320542 44.675398096
0.997273774 0.001920179 -0.073765382 -2.747562539 -0.001395189 0.999973337 0.007167895 -0.529265058 0.073777179 -0.007045437 0.997249863 45.638994888
0.997244682 0.005252747 -0.073996306 -2.821983569 -0.005001249 0.999981072 0.003583680 -0.548507778 0.074013730 -0.003203732 0.997252076 46.607307158
0.997161763 0.006672291 -0.074992662 -2.886674513 -0.006747088 0.999976961 -0.000744082 -0.564095294 0.074985970 0.001247952 0.997183808 47.552597786
0.997083688 0.008196509 -0.075874473 -2.955518431 -0.008385250 0.999962490 -0.002169289 -0.577553716 0.075853846 0.002799189 0.997115018 48.516087480
0.997087685 0.007467192 -0.075897226 -3.030596208 -0.007380672 0.999971754 0.001420399 -0.596279343 0.075905689 -0.000856090 0.997114634 49.490054594
0.997064659 0.006787579 -0.076262665 -3.099925443 -0.006490847 0.999970372 0.004138115 -0.610206739 0.076288493 -0.003630959 0.997079175 50.470162970
0.997043613 0.006489107 -0.076563209 -3.169282595 -0.006150588 0.999970244 0.004656408 -0.633010678 0.076591147 -0.004171733 0.997053857 51.424353125
0.997044335 0.003933238 -0.076727589 -3.241314796 -0.003679991 0.999987306 0.003441695 -0.650966412 0.076740152 -0.003149166 0.997046153 52.383756090
0.997021690 0.001938929 -0.077097282 -3.318685366 -0.001776128 0.999996046 0.002180146 -0.673484928 0.077101204 -0.002036718 0.997021191 53.347993301
0.996923988 0.001916963 -0.078351055 -3.381399541 -0.001668116 0.999993355 0.003241379 -0.692243715 0.078356748 -0.003100709 0.996920561 54.281122245
0.996841468 -0.000067627 -0.079417146 -3.449763472 0.000645775 0.999973479 0.007254224 -0.707286514 0.079414549 -0.007282597 0.996815075 55.217280317
0.996802496 -0.000886572 -0.079899931 -3.529418057 0.001870112 0.999923393 0.012235655 -0.711902267 0.079882962 -0.012345954 0.996727791 56.166559116
0.996767923 0.002343428 -0.080300785 -3.616116321 -0.001182947 0.999894225 0.014496204 -0.730902449 0.080326262 -0.014354360 0.996665262 57.112361382
0.996654853 0.002907430 -0.081674055 -3.698261598 -0.002040948 0.999940772 0.010690508 -0.737284684 0.081700300 -0.010488054 0.996601757 58.041995202
0.996534865 0.005959539 -0.082962320 -3.777451741 -0.005759470 0.999979901 0.002650676 -0.747153822 0.082976449 -0.002163672 0.996549160 58.953641778
0.996441064 0.007816663 -0.083929175 -3.861589980 -0.008037135 0.999965081 -0.002289328 -0.756298945 0.083908349 0.002955731 0.996469093 59.871978504
0.996256066 0.012269095 -0.085576400 -3.920152825 -0.012416686 0.999922199 -0.001192598 -0.772103123 0.085555110 0.002250708 0.996330898 60.757488622
0.996120688 0.016124690 -0.086507623 -3.997546699 -0.016046451 0.999869968 0.001599765 -0.814709853 0.086522170 -0.000205419 0.996249904 61.617659478
0.995981133 0.019040745 -0.087515904 -4.079532798 -0.018809089 0.999817069 0.003470968 -0.848000198 0.087565985 -0.001810925 0.996157075 62.504726574
0.995854456 0.019492285 -0.088847920 -4.150324775 -0.019290279 0.999809020 0.003131783 -0.853965725 0.088891998 -0.001404899 0.996040280 63.352857142
0.995640548 0.021346381 -0.090797747 -4.224778236 -0.021025833 0.999768871 0.004485516 -0.885972848 0.090872510 -0.002556863 0.995859252 64.210770611
0.995514304 0.022317337 -0.091941327 -4.312177563 -0.021929595 0.999745861 0.005225507 -0.902294271 0.092034580 -0.003185831 0.995750715 65.036659456
0.995375004 0.022370941 -0.093424526 -4.400370027 -0.021936641 0.999743267 0.005673166 -0.914717980 0.093527455 -0.003597507 0.995610201 65.875585326
0.995244082 0.022135964 -0.094864196 -4.474486249 -0.021589371 0.999743902 0.006784450 -0.926724655 0.094990082 -0.004704126 0.995467104 66.679827041
0.995052535 0.024695478 -0.096231933 -4.557852021 -0.023905926 0.999670496 0.009349164 -0.926461144 0.096431106 -0.007002395 0.995315030 67.466733839
0.994903580 0.026392072 -0.097315593 -4.644693649 -0.025192330 0.999590968 0.013536759 -0.935413237 0.097633051 -0.011016163 0.995161510 68.256664311
0.994649646 0.029808731 -0.098911688 -4.733769526 -0.028434380 0.999478933 0.015275780 -0.942131827 0.099315500 -0.012381557 0.994978959 69.034457401
0.994410825 0.032223527 -0.100542303 -4.813597097 -0.031247985 0.999448201 0.011263035 -0.946193044 0.100849759 -0.008058339 0.994869031 69.790873684
0.994292837 0.031680703 -0.101872900 -4.902975735 -0.031419258 0.999497593 0.004170324 -0.960788606 0.101953837 -0.000945752 0.994788681 70.518331570
0.994135871 0.031013890 -0.103595408 -4.976387703 -0.031351689 0.999507080 -0.001633618 -0.968652368 0.103493679 0.004871929 0.994618179 71.230225098
0.994067343 0.032005451 -0.103950800 -5.059089087 -0.032467681 0.999468983 -0.002757133 -0.977734358 0.103807357 0.006115817 0.994578619 71.922201317
0.993890189 0.034757282 -0.104757927 -5.130792603 -0.034863313 0.999391754 0.000819378 -0.992685306 0.104722688 0.002837837 0.994497413 72.586203111
0.993750577 0.034783774 -0.106065448 -5.209757791 -0.034637642 0.999394749 0.003220130 -1.009773710 0.106113260 0.000473851 0.994353937 73.247208382
0.993755415 0.031723903 -0.106975553 -5.284090419 -0.031903507 0.999490953 0.000032446 -1.025269776 0.106922126 0.003380651 0.994261651 73.877455359
0.993976036 0.023747936 -0.106993808 -5.350179516 -0.024475477 0.999685347 -0.005491661 -1.031010014 0.106829727 0.008077304 0.994244521 74.494316523
0.994197586 0.019506096 -0.105785972 -5.423220272 -0.020723217 0.999730966 -0.010418431 -1.038486567 0.105554289 0.012550205 0.994334342 75.094476535
0.994425215 0.022209464 -0.103078759 -5.475207783 -0.023437477 0.999667856 -0.010717350 -1.053809179 0.102806495 0.013073509 0.994615457 75.675912235
0.994709513 0.027262628 -0.099044098 -5.538889255 -0.028181844 0.999571647 -0.007893439 -1.065441176 0.098786477 0.010642924 0.995051737 76.246802692
0.995187817 0.025889022 -0.094503795 -5.587971351 -0.026463088 0.999638141 -0.004826150 -1.083665858 0.094344653 0.007303788 0.995512803 76.803843895
0.995796448 0.022287607 -0.088840853 -5.629408818 -0.022439111 0.999747962 -0.000706852 -1.093862845 0.088802707 0.002697390 0.996045583 77.352106066
0.996563299 0.017714553 -0.080918393 -5.655375272 -0.017554359 0.999842290 0.002690728 -1.107599133 0.080953296 -0.001261010 0.996717098 77.876978999
0.997313012 0.021422766 -0.070055848 -5.696863179 -0.021301755 0.999770031 0.002474061 -1.120234977 0.070092739 -0.000975101 0.997540003 78.393039468
0.998128786 0.026433391 -0.055138024 -5.719408029 -0.026370062 0.999650489 0.001875910 -1.130851546 0.055168339 -0.000418407 0.998476980 78.892939582
0.998799912 0.031779699 -0.037266424 -5.732808652 -0.031720444 0.999494402 0.002180363 -1.136256534 0.037316873 -0.000995638 0.999302987 79.388895507
0.999423798 0.030261461 -0.015372605 -5.720624187 -0.030227588 0.999540086 0.002431099 -1.145290969 0.015439104 -0.001965021 0.999878879 79.874672764
0.999594274 0.026410775 0.010665740 -5.687844845 -0.026445928 0.999645224 0.003168362 -1.160653664 -0.010578277 -0.003449142 0.999938100 80.347122020
0.998859861 0.025907683 0.040096998 -5.643037950 -0.026092374 0.999651171 0.004089564 -1.166775297 -0.039977060 -0.005131127 0.999187423 80.808400140
0.997001638 0.025559139 0.073037421 -5.581946419 -0.025993519 0.999649593 0.005002886 -1.172410965 -0.072883958 -0.006886385 0.997316653 81.265363198
0.993560763 0.025866498 0.110308360 -5.499764731 -0.026549706 0.999636308 0.004729070 -1.178119294 -0.110145917 -0.007627273 0.993886161 81.717823236
