1.000000000 0.000000000 0.000000000 0.000000000 0.000000000 1.000000000 0.000000000 0.000000000 0.000000000 0.000000000 1.000000000 0.000000000
0.999990706 -0.002636435 -0.003411422 -0.001532157 0.002628550 0.999993869 -0.002313780 -0.004828992 0.003417501 0.002304791 0.999991504 0.662975819
0.999972815 -0.001064303 -0.007296348 -0.018442151 0.001035840 0.999991844 -0.003903684 -0.008175590 0.007300443 0.003896020 0.999965762 1.355955404
0.999943172 -0.001014707 -0.010612449 -0.043593468 0.000956933 0.999984704 -0.005447631 -0.014377819 0.010617814 0.005437166 0.999928847 2.053997756
0.999867464 0.000023217 -0.016280490 -0.051542434 -0.000122947 0.999981236 -0.006124731 -0.017918658 0.016280043 0.006125921 0.999848705 2.787731510
0.999780090 -0.001083287 -0.020942739 -0.070671085 0.000951181 0.999979596 -0.006316886 -0.027924517 0.020949154 0.006295576 0.999760721 3.525414786
0.999677107 0.000677324 -0.025401225 -0.096888896 -0.000873607 0.999969842 -0.007716996 -0.034354598 0.025395232 0.007736695 0.999647551 4.261702875
0.999536198 0.003225535 -0.030281770 -0.130786610 -0.003492444 0.999955484 -0.008765419 -0.037640916 0.030252149 0.008867111 0.999502967 5.022487790
0.999379020 0.003683447 -0.035042928 -0.159393473 -0.003918579 0.999970254 -0.006643508 -0.055267513 0.035017415 0.006776701 0.999363726 5.815411398
0.999217310 0.002709949 -0.039464200 -0.196535566 -0.002870389 0.999987843 -0.004009374 -0.064270045 0.039452855 0.004119514 0.999212941 6.606943364
0.999068020 0.002278634 -0.043103366 -0.233252059 -0.002338576 0.999996367 -0.001340271 -0.075197335 0.043100155 0.001439823 0.999069719 7.413082272
0.998941405 0.003830278 -0.045841015 -0.280200248 -0.003928554 0.999990174 -0.002053942 -0.084813288 0.045832697 0.002231857 0.998946637 8.225682063
0.998829474 0.003085988 -0.048271707 -0.321610114 -0.003201234 0.999992207 -0.002310327 -0.091593615 0.048264201 0.002462152 0.998831570 9.043669093
0.998745105 0.000189182 -0.050081720 -0.365301649 -0.000346176 0.999995054 -0.003126097 -0.097055551 0.050080880 0.003139512 0.998740231 9.875861272
0.998633369 0.000249755 -0.052262152 -0.413579141 -0.000376585 0.999997008 -0.002416981 -0.105886416 0.052261392 0.002433359 0.998630475 10.707361753
0.998558182 -0.001128259 -0.053668270 -0.465979908 0.000987975 0.999996026 -0.002640362 -0.116807978 0.053671036 0.002583532 0.998555329 11.553084072
0.998468790 0.001012931 -0.055308672 -0.522411871 -0.001284831 0.999987264 -0.004880709 -0.127307844 0.055303024 0.004944298 0.998457375 12.390833844
0.998369960 0.001195631 -0.057061317 -0.574234540 -0.001625528 0.999970642 -0.007488122 -0.139397937 0.057050689 0.007568671 0.998342594 13.250022215
0.998237321 0.005246582 -0.059116190 -0.632566876 -0.005803559 0.999940339 -0.009253997 -0.151856886 0.059064111 0.009580770 0.998208215 14.115837931
0.998155626 0.006411739 -0.060367499 -0.691472693 -0.006971908 0.999934532 -0.009073248 -0.165131670 0.060305372 0.009477390 0.998134981 15.020185757
0.998075283 0.005636883 -0.061757226 -0.754082489 -0.006129895 0.999950818 -0.007796504 -0.178300835 0.061710241 0.008160064 0.998060749 15.905940953
0.997976728 0.006428611 -0.063254434 -0.815629569 -0.006845404 0.999956251 -0.006374640 -0.191525558 0.063210686 0.006794745 0.997977074 16.804737132
0.997913209 0.005824592 -0.064306317 -0.880899133 -0.006227561 0.999962199 -0.006067736 -0.210367287 0.064268544 0.006455546 0.997911760 17.706013606
0.997807638 0.005596244 -0.065943907 -0.947917110 -0.006061189 0.999958151 -0.006852647 -0.226393259 0.065902799 0.007237322 0.997799801 18.599813929
0.997738791 0.004252190 -0.067076247 -1.013130693 -0.004785387 0.999958204 -0.007790451 -0.239910791 0.067040317 0.008093821 0.997717438 19.492449975
0.997685119 0.004039580 -0.067882878 -1.073434320 -0.004445523 0.999973124 -0.005830045 -0.257599586 0.067857503 0.006118324 0.997676263 20.400464368
0.997670258 0.005314362 -0.068013331 -1.140007142 -0.005496442 0.999981794 -0.002490268 -0.272279507 0.067998858 0.002858297 0.997681305 21.314438068
0.997722436 0.006418064 -0.067147214 -1.212984074 -0.006343805 0.999979008 0.001319082 -0.285094629 0.067154271 -0.000890109 0.997742207 22.234695186
0.997833025 0.005453863 -0.065570639 -1.277038996 -0.005193110 0.999977919 0.004146470 -0.294298136 0.065591805 -0.003796969 0.997839315 23.158122973
0.997902274 0.005690604 -0.064487747 -1.340609842 -0.005398296 0.999974355 0.004706095 -0.299647613 0.064512874 -0.004348099 0.997907402 24.110457646
0.997971382 0.005944389 -0.063386007 -1.401173555 -0.005835053 0.999981152 0.001909899 -0.308644174 0.063396165 -0.001536163 0.997987258 25.046684881
0.998024773 0.006982039 -0.062432386 -1.469115973 -0.007185196 0.999969595 -0.003030106 -0.316577450 0.062409332 0.003472710 0.998044596 25.978389324
0.998101008 0.005779183 -0.061326814 -1.531001961 -0.006156679 0.999963237 -0.005968306 -0.328057479 0.061290068 0.006334542 0.998099895 26.915423723
0.998158322 0.003358908 -0.060569646 -1.595976462 -0.003681936 0.999979585 -0.005222344 -0.336593162 0.060550868 0.005435740 0.998150312 27.871220085
0.998161428 0.001623808 -0.060589817 -1.662259226 -0.001655780 0.999998515 -0.000477475 -0.347219357 0.060588952 0.000576921 0.998162635 28.833906072
0.998106708 -0.001961142 -0.061474819 -1.724101577 0.002141245 0.999993606 0.002863954 -0.358854890 0.061468809 -0.002990165 0.998104526 29.808621118
0.998011531 -0.009141842 -0.062365148 -1.782446527 0.009276603 0.999955220 0.001871622 -0.366531048 0.062345245 -0.002446437 0.998051645 30.776068669
0.997895355 -0.011205646 -0.063869350 -1.841337710 0.011088727 0.999936131 -0.002184791 -0.373694104 0.063889753 0.001471963 0.997955877 31.735176481
0.997826251 -0.010652877 -0.065032980 -1.912428722 0.010252854 0.999926430 -0.006481729 -0.381762130 0.065097245 0.005800865 0.997862064 32.709564450
0.997721973 -0.008979651 -0.066859778 -1.987312043 0.008493459 0.999935408 -0.007552529 -0.394318907 0.066923279 0.006967454 0.997733797 33.684513339
0.997687029 -0.008606167 -0.067427936 -2.062336535 0.008179873 0.999944791 -0.006595758 -0.407090591 0.067480978 0.006028950 0.997702345 34.680601400
0.997627940 -0.004976140 -0.068656615 -2.141509177 0.004713858 0.999980963 -0.003981688 -0.425498829 0.068675122 0.003648606 0.997632405 35.666739995
0.997552556 -0.004761175 -0.069758359 -2.215056694 0.004581945 0.999985779 -0.002729081 -0.445232375 0.069770361 0.002402773 0.997560185 36.638370958
0.997466212 -0.002834599 -0.071085303 -2.281927119 0.002808127 0.999995946 -0.000472321 -0.458865850 0.071086354 0.000271508 0.997470128 37.614408081
0.997536415 -0.003331524 -0.070071400 -2.392425628 0.003550038 0.999989216 0.002994140 -0.476020470 0.070060669 -0.003235520 0.997537485 38.551022300
0.997479652 0.002755184 -0.070899593 -2.470112971 -0.002408244 0.999984708 0.004978418 -0.484877757 0.070912225 -0.004795127 0.997471034 39.537373000
0.997419828 0.002485608 -0.071746133 -2.537325756 -0.002171460 0.999987713 0.004456277 -0.497450405 0.071756328 -0.004288986 0.997412971 40.529938299
0.997408856 0.002784587 -0.071887556 -2.612294824 -0.002611464 0.999993460 0.002502116 -0.505130007 0.071894053 -0.002307901 0.997409604 41.517292585
0.997383301 0.004974724 -0.072123522 -2.691948317 -0.004978862 0.999987598 0.000122399 -0.515383838 0.072123237 0.000237015 0.997395700 42.504950529
0.997299206 0.004635134 -0.073299444 -2.770616339 -0.004654659 0.999989162 -0.000095545 -0.524674604 0.073298206 0.000436471 0.997309973 43.500468894
0.997215567 0.003071827 -0.074509580 -2.851936604 -0.003027087 0.999995164 0.000713384 -0.533252827 0.074511411 -0.000485851 0.997220043 44.482729824
0.997155802 0.003769772 -0.075273466 -2.935174526 -0.003657135 0.999991977 0.001634155 -0.547475198 0.075279023 -0.001354222 0.997161589 45.465162549
0.997118906 0.006258146 -0.075595786 -3.020094452 -0.006437714 0.999977005 -0.002131927 -0.561609744 0.075580706 0.002612449 0.997136266 46.431002667
0.997049991 0.006765569 -0.076456146 -3.105669777 -0.007272233 0.999953393 -0.006350387 -0.576722673 0.076409619 0.006887660 0.997052722 47.391877950
0.997030005 0.007835187 -0.076614487 -3.197274156 -0.008444152 0.999935255 -0.007627706 -0.592100340 0.076549762 0.008251996 0.997031614 48.348096194
0.997029295 0.006617168 -0.076738498 -3.277559577 -0.006962825 0.999966780 -0.004237675 -0.609508338 0.076707908 0.004759403 0.997042248 49.317431986
0.997016585 0.004671366 -0.077046145 -3.354862503 -0.004766053 0.999988096 -0.001045131 -0.627439363 0.077040346 0.001409219 0.997026980 50.287627193
0.997006606 0.003108174 -0.077253916 -3.432567337 -0.003162080 0.999994835 -0.000575468 -0.641528547 0.077251728 0.000818028 0.997011284 51.244046044
0.996989722 -0.000100552 -0.077533765 -3.505821541 -0.000052218 0.999998061 -0.001968341 -0.655843818 0.077533813 0.001966465 0.996987784 52.200816840
0.996926018 -0.002915958 -0.078294386 -3.574539774 0.002656886 0.999990646 -0.003412909 -0.670357389 0.078303605 0.003194399 0.996924441 53.154046491
0.996824071 -0.004475522 -0.079509382 -3.650925075 0.004286296 0.999987561 -0.002550432 -0.683319774 0.079519808 0.002201532 0.996830855 54.092741338
0.996724829 -0.007513127 -0.080518128 -3.728920291 0.007630493 0.999970226 0.001150027 -0.686410771 0.080507090 -0.001760654 0.996752481 55.049038497
0.996656925 -0.008337187 -0.081274015 -3.807486606 0.008820683 0.999945463 0.005591737 -0.692809075 0.081222963 -0.006289935 0.996676109 55.995369410
0.996623169 -0.006563983 -0.081848474 -3.891993193 0.007209484 0.999945180 0.007593486 -0.701076628 0.081794143 -0.008157930 0.996615857 56.935061692
0.996520819 -0.005452947 -0.083165639 -3.979004442 0.005741704 0.999978289 0.003233290 -0.709933928 0.083146202 -0.003699553 0.996530492 57.863371684
0.996380693 -0.004150348 -0.084901647 -4.056247123 0.003773199 0.999982291 -0.004602170 -0.723308868 0.084919244 0.004265162 0.996378708 58.768887578
0.996273204 -0.002641770 -0.086213251 -4.137521834 0.001822100 0.999952405 -0.009584773 -0.738526596 0.086234468 0.009391963 0.996230600 59.671971532
0.996192062 0.002343537 -0.087154360 -4.229816355 -0.003154443 0.999953000 -0.009167697 -0.754109544 0.087128779 0.009407710 0.996152634 60.567156524
0.996092045 0.005089891 -0.088174430 -4.316552308 -0.005727978 0.999959198 -0.006985133 -0.775921407 0.088135279 0.007462897 0.996080558 61.450372788
0.996001781 0.007531164 -0.089015359 -4.405337948 -0.008072949 0.999951008 -0.005727961 -0.795884309 0.088967860 0.006423676 0.996013783 62.321622294
0.995917544 0.008342520 -0.089881296 -4.498381404 -0.008929308 0.999941354 -0.006128349 -0.811985384 0.089824899 0.006905908 0.995933630 63.171825119
0.995778749 0.010661949 -0.091164715 -4.587175047 -0.011248367 0.999919204 -0.005921116 -0.826770030 0.091094218 0.006921576 0.995818224 64.013835987
0.995598385 0.011368417 -0.093030187 -4.652584596 -0.011852672 0.999918922 -0.004654465 -0.857713189 0.092969731 0.005736634 0.995652409 64.827221092
0.995475023 0.011245735 -0.094355773 -4.739835299 -0.011705976 0.999922127 -0.004325620 -0.873850268 0.094299780 0.005410573 0.995529144 65.656372308
0.995317674 0.010938963 -0.096036802 -4.813974359 -0.011304191 0.999930792 -0.003259742 -0.889039787 0.095994497 0.004330098 0.995372446 66.460154868
0.995144727 0.013704423 -0.097463637 -4.899153398 -0.013840747 0.999903951 -0.000722725 -0.902774004 0.097444371 0.002068186 0.995238824 67.258663316
0.994963138 0.015094112 -0.099098551 -4.974908263 -0.014831029 0.999884264 0.003390951 -0.915779388 0.099138265 -0.001904138 0.995071846 68.046171011
0.994737022 0.018064531 -0.100855984 -5.058950027 -0.017636883 0.999831296 0.005130312 -0.927106564 0.100931646 -0.003324526 0.994887808 68.818425046
0.994531849 0.020978168 -0.102305020 -5.145790139 -0.021005046 0.999779038 0.000814674 -0.940456981 0.102299505 0.001338703 0.994752743 69.576460356
0.994371062 0.020854315 -0.103881125 -5.224255999 -0.021648602 0.999744353 -0.006524381 -0.955933608 0.103718507 0.008736537 0.994568321 70.301127479
0.994231764 0.019651538 -0.105437261 -5.302625558 -0.021084235 0.999699674 -0.012490647 -0.967633889 0.105160135 0.014641662 0.994347509 71.003053156
0.994155776 0.020381369 -0.106013649 -5.381172955 -0.021950844 0.999665745 -0.013658632 -0.981345636 0.105699832 0.015905897 0.994270862 71.692780756
0.993997055 0.023541609 -0.106844031 -5.459447905 -0.024784585 0.999639541 -0.010320474 -0.998846412 0.106562558 0.012906605 0.994222229 72.364939850
0.993817626 0.023644047 -0.108478041 -5.528905894 -0.024662972 0.999663325 -0.008060703 -1.021568816 0.108250932 0.010686260 0.994066165 73.017718400
0.993784371 0.020601726 -0.109399235 -5.602910495 -0.021972597 0.999694257 -0.011340080 -1.040318201 0.109132161 0.013673380 0.993933202 73.645135207
0.993876288 0.012397116 -0.109800893 -5.656397134 -0.014321103 0.999757122 -0.016751230 -1.056239099 0.109566558 0.018221120 0.993812437 74.256603015
0.994004142 0.008345306 -0.109023492 -5.717822997 -0.010771973 0.999706750 -0.021688234 -1.073567712 0.108810526 0.022732592 0.993802545 74.858551028
0.994286295 0.010905538 -0.106187723 -5.780069278 -0.013328951 0.999666045 -0.022139067 -1.088920823 0.105910822 0.023427942 0.994099607 75.441208355
0.994682650 0.015792805 -0.101769408 -5.859765468 -0.017866045 0.999650358 -0.019492714 -1.101273521 0.101425981 0.021207281 0.994617023 76.015044764
0.995150749 0.014235994 -0.097325865 -5.912287953 -0.015931196 0.999734237 -0.016662899 -1.114837364 0.097062787 0.018132614 0.995113071 76.576078937
0.995707612 0.010573037 -0.091948691 -5.950856285 -0.011804455 0.999847640 -0.012858901 -1.127588693 0.091798724 0.013889110 0.995680715 77.122999541
0.996455560 0.006266598 -0.083887112 -5.986452411 -0.007087804 0.999929800 -0.009495183 -1.146940574 0.083821720 0.010056103 0.996430025 77.658919144
0.997242372 0.009897821 -0.073550553 -6.016475367 -0.010641810 0.999896031 -0.009730337 -1.161543920 0.073446597 0.010486215 0.997244021 78.178719461
0.998162287 0.015200794 -0.058659904 -6.047078791 -0.015835157 0.999820896 -0.010364584 -1.174583948 0.058491848 0.011274426 0.998224219 78.679696185
0.998965527 0.020290558 -0.040696055 -6.067045504 -0.020720062 0.999733691 -0.010160026 -1.183233150 0.040479064 0.010992740 0.999119915 79.178634776
0.999647133 0.018697170 -0.018868622 -6.059645363 -0.018887587 0.999771958 -0.009964518 -1.192464614 0.018678011 0.010317384 0.999772316 79.661707679
0.999859532 0.015217839 0.007023815 -6.033615277 -0.015152626 0.999842440 -0.009246278 -1.204701790 -0.007163417 0.009138550 0.999932584 80.127749486
0.999235473 0.014125057 0.036454785 -5.995177564 -0.013844833 0.999872726 -0.007927928 -1.217037760 -0.036562127 0.007417156 0.999303856 80.583884401
0.997481897 0.013798102 0.069566356 -5.943205607 -0.013373372 0.999889005 -0.006567447 -1.230514009 -0.069649253 0.005620573 0.997555708 81.036867334
0.994135583 0.013979184 0.107233509 -5.873551902 -0.013381242 0.999890660 -0.006293625 -1.241235095 -0.107309764 0.004821799 0.994213943 81.479929865
