1.000000000 0.000000000 0.000000000 0.000000000 0.000000000 1.000000000 0.000000000 0.000000000 0.000000000 0.000000000 1.000000000 0.000000000
0.999990649 -0.002656172 -0.003412815 -0.001842545 0.002648593 0.999994021 -0.002223326 -0.004032166 0.003418700 0.002214266 0.999991705 0.676885815
0.999970788 -0.001238378 -0.007542487 -0.013323201 0.001209721 0.999992037 -0.003802869 -0.006367135 0.007547136 0.003793634 0.999964324 1.374386481
0.999932759 -0.001325520 -0.011520477 -0.029630827 0.001265146 0.999985438 -0.005246215 -0.009486328 0.011527264 0.005231287 0.999919875 2.090016681
0.999857123 0.000357922 -0.016899887 -0.043150321 -0.000466397 0.999979314 -0.006415167 -0.006028992 0.016897241 0.006422133 0.999836606 2.834519132
0.999767109 -0.000759950 -0.021567329 -0.059142507 0.000615103 0.999977219 -0.006721862 -0.014909746 0.021571946 0.006707030 0.999744801 3.581607931
0.999655987 0.001176191 -0.026201623 -0.085630578 -0.001383472 0.999967883 -0.007894253 -0.025975729 0.026191496 0.007927786 0.999625508 4.336096499
0.999495681 0.003844750 -0.031521462 -0.113110607 -0.004123094 0.999953042 -0.008770040 -0.032951084 0.031486263 0.008895583 0.999464599 5.115441299
0.999340360 0.004278120 -0.036063030 -0.143932873 -0.004540481 0.999963798 -0.007196323 -0.042253022 0.036030938 0.007355319 0.999323607 5.909425539
0.999163852 0.003476299 -0.040737118 -0.175387602 -0.003661047 0.999983346 -0.004461391 -0.053680959 0.040720930 0.004606801 0.999159939 6.703007943
0.998993714 0.003074018 -0.044744933 -0.208355802 -0.003161293 0.999993236 -0.001879874 -0.062710520 0.044738851 0.002019434 0.998996675 7.521285082
0.998863117 0.004675109 -0.047440672 -0.250404944 -0.004800823 0.999985259 -0.002536329 -0.072392163 0.047428115 0.002761199 0.998870837 8.337063509
0.998580743 0.004047718 -0.053104759 -0.239858788 -0.004213584 0.999986587 -0.003011787 -0.075866204 0.053091856 0.003231274 0.998584405 9.174640910
0.998463861 0.001038532 -0.055397111 -0.278180193 -0.001243989 0.999992475 -0.003674443 -0.082186966 0.055392878 0.003737712 0.998457640 10.011861778
0.998345659 0.000809946 -0.057491639 -0.326652086 -0.000966311 0.999995910 -0.002692051 -0.093060442 0.057489223 0.002743152 0.998342358 10.858337496
0.998298556 -0.000568594 -0.058306689 -0.389577966 0.000412331 0.999996292 -0.002692011 -0.107171339 0.058308004 0.002663389 0.998295088 11.718117842
0.998177074 0.001673348 -0.060330162 -0.445735313 -0.001986149 0.999984894 -0.005125229 -0.116813344 0.060320675 0.005235711 0.998165319 12.581532627
0.998073398 0.002118521 -0.062008100 -0.498293485 -0.002622775 0.999964144 -0.008051798 -0.123755511 0.061988819 0.008198919 0.998043167 13.456215631
0.997952312 0.006290057 -0.063652324 -0.565882653 -0.006940645 0.999925861 -0.010005009 -0.132917230 0.063584673 0.010426310 0.997921982 14.335051168
0.997858754 0.007103761 -0.065018800 -0.626713692 -0.007740157 0.999924525 -0.009541210 -0.149041240 0.064946114 0.010024036 0.997838424 15.228398105
0.997718272 0.006094782 -0.067239148 -0.659053316 -0.006664875 0.999943695 -0.008257515 -0.161691161 0.067185035 0.008686814 0.997702716 16.092587354
0.997598086 0.006675273 -0.068945621 -0.719594206 -0.007134650 0.999953947 -0.006418789 -0.181389768 0.068899599 0.006895275 0.997599770 16.998554088
0.997510174 0.005809171 -0.070283048 -0.780164041 -0.006268926 0.999960361 -0.006322671 -0.195686382 0.070243533 0.006747528 0.997507051 17.911686254
0.997366821 0.005911140 -0.072280581 -0.847508734 -0.006474149 0.999950484 -0.007557409 -0.207245199 0.072232329 0.008005464 0.997355705 18.817676196
0.997256065 0.003832016 -0.073930080 -0.901953400 -0.004453665 0.999956087 -0.008245575 -0.221983884 0.073895236 0.008552209 0.997229339 19.720990157
0.997188138 0.004036953 -0.074829944 -0.971265164 -0.004534293 0.999968740 -0.006477577 -0.236069717 0.074801455 0.006798664 0.997175271 20.646082339
0.997175925 0.005629394 -0.074889810 -1.042589071 -0.005881186 0.999977769 -0.003142062 -0.250722839 0.074870457 0.003573630 0.997186865 21.564514470
0.997237608 0.006658481 -0.073978499 -1.117368774 -0.006627934 0.999977818 0.000658416 -0.263638330 0.073981242 -0.000166273 0.997259619 22.500434298
0.997367180 0.005400721 -0.072315561 -1.192219413 -0.005154755 0.999980279 0.003587487 -0.272028904 0.072333509 -0.003205273 0.997375350 23.453119606
0.997482374 0.005954459 -0.070664404 -1.264147191 -0.005664277 0.999974686 0.004306160 -0.281443694 0.070688256 -0.003895055 0.997490852 24.388763547
0.997559998 0.006616428 -0.069500168 -1.327033742 -0.006536845 0.999977693 0.001372434 -0.292649877 0.069507698 -0.000914773 0.997580996 25.328122080
0.997626615 0.007547511 -0.068441018 -1.405001399 -0.007826484 0.999962119 -0.003808887 -0.295585284 0.068409678 0.004335499 0.997647893 26.274156291
0.997716854 0.007072335 -0.067164441 -1.473847534 -0.007557756 0.999947106 -0.006976000 -0.305167858 0.067111552 0.007467685 0.997717532 27.223449503
0.997782801 0.004780247 -0.066382459 -1.543025330 -0.005191832 0.999968347 -0.006029075 -0.317850855 0.066351538 0.006360354 0.997776037 28.192494066
0.997791465 0.002453856 -0.066378988 -1.613806720 -0.002505481 0.999996620 -0.000694507 -0.332072284 0.066377059 0.000859284 0.997794241 29.164737999
0.997709720 -0.002246955 -0.067603736 -1.674157436 0.002464419 0.999992054 0.003133516 -0.344874931 0.067596158 -0.003292943 0.997707330 30.148938115
0.997604754 -0.009073256 -0.068574273 -1.731960935 0.009265738 0.999953974 0.002489350 -0.359808341 0.068548531 -0.003118779 0.997642908 31.121204634
0.997468019 -0.009943823 -0.070417839 -1.784735124 0.009819423 0.999949557 -0.002112541 -0.367690988 0.070435293 0.001415730 0.997515346 32.077755061
0.997384674 -0.009301509 -0.071674917 -1.863194870 0.008883525 0.999941639 -0.006148240 -0.381659189 0.071727922 0.005495435 0.997409096 33.049022140
0.997234513 -0.008013317 -0.073885811 -1.939152933 0.007518878 0.999947458 -0.006967657 -0.394638411 0.073937763 0.006392849 0.997242367 34.058667702
0.997160613 -0.007819182 -0.074897072 -2.015524254 0.007415427 0.999956445 -0.005667378 -0.410298656 0.074938124 0.005095892 0.997175165 35.060113584
0.997066968 -0.004134105 -0.076422315 -2.088892425 0.003918522 0.999987910 -0.002970682 -0.431304607 0.076433672 0.002662507 0.997071113 36.053187156
0.996963983 -0.003833694 -0.077769654 -2.173252968 0.003704741 0.999991513 -0.001802357 -0.445291599 0.077775903 0.001508769 0.996969725 37.058410040
0.996853627 -0.002659255 -0.079219783 -2.243948241 0.002749725 0.999995686 0.001032956 -0.460137653 0.079216694 -0.001247538 0.996856639 38.081430060
0.996820234 -0.002908618 -0.079630150 -2.317567307 0.003247857 0.999986193 0.004130990 -0.471422095 0.079617035 -0.004376482 0.996815918 39.095361676
0.996778303 0.003104083 -0.080145994 -2.405050379 -0.002604700 0.999976543 0.006334715 -0.478635044 0.080163777 -0.006105550 0.996763006 40.107286402
0.996738565 0.003008758 -0.080642303 -2.485621830 -0.002559073 0.999980599 0.005679068 -0.486850819 0.080657826 -0.005454177 0.996726927 41.107794305
0.996663612 0.003141249 -0.081558430 -2.554439905 -0.002867057 0.999989839 0.003478800 -0.486118790 0.081568529 -0.003233361 0.996662491 42.103314157
0.996666068 0.005259576 -0.081419197 -2.647566001 -0.005183578 0.999985910 0.001144762 -0.493500568 0.081424071 -0.000718903 0.996679288 43.087729088
0.996576360 0.004789830 -0.082538571 -2.731457155 -0.004706687 0.999988201 0.001201876 -0.505532004 0.082543354 -0.000809278 0.996587146 44.077375506
0.996465766 0.002620236 -0.083958992 -2.810225008 -0.002425141 0.999994118 0.002425598 -0.516296065 0.083964853 -0.002213413 0.996466258 45.070099681
0.996316320 0.002491159 -0.085718053 -2.882963053 -0.002180803 0.999990725 0.003714100 -0.528060513 0.085726510 -0.003513484 0.996312512 46.073201478
0.996314996 0.005832140 -0.085571109 -2.974997940 -0.005847042 0.999982903 0.000076487 -0.550418918 0.085570092 0.000424133 0.996332063 47.036252788
0.996233809 0.003951001 -0.086617479 -3.087795136 -0.004350549 0.999980748 -0.004424495 -0.538280827 0.086598331 0.004784666 0.996231818 48.093978145
0.996154923 0.004792773 -0.087477986 -3.173171042 -0.005312820 0.999969567 -0.005713032 -0.552772599 0.087447943 0.006155819 0.996150071 49.068824627
0.996155630 0.003500118 -0.087531189 -3.261846335 -0.003674315 0.999991577 -0.001829073 -0.573626236 0.087524050 0.002143659 0.996160100 50.042831057
0.996120487 0.001567392 -0.087985897 -3.343412440 -0.001451887 0.999997998 0.001376742 -0.590349318 0.087987878 -0.001243655 0.996120769 51.012520134
0.996119034 -0.000178426 -0.088016124 -3.434634578 0.000363258 0.999997763 0.002083966 -0.604921802 0.088015555 -0.002107851 0.996116870 51.974032385
0.996083669 -0.003281474 -0.088354720 -3.516269397 0.003355506 0.999994133 0.000689388 -0.616640349 0.088351939 -0.000983163 0.996088836 52.936226511
0.996026347 -0.006005215 -0.088856368 -3.600094996 0.005986584 0.999981967 -0.000476169 -0.631837157 0.088857625 -0.000057669 0.996044336 53.894268030
0.995904673 -0.007527792 -0.090095589 -3.684259555 0.007624960 0.999970660 0.000734357 -0.644194683 0.090087418 -0.001418325 0.995932852 54.841843573
0.995771725 -0.010531244 -0.091256584 -3.768879912 0.011024663 0.999927199 0.004904527 -0.655174645 0.091198290 -0.005889862 0.995815335 55.807900780
0.995696967 -0.011332565 -0.091973493 -3.854223828 0.012295461 0.999875305 0.009909390 -0.663109202 0.091849726 -0.010997606 0.995712147 56.753184088
0.995666502 -0.009482443 -0.092511081 -3.946003798 0.010664552 0.999867578 0.012292037 -0.671708720 0.092382272 -0.013225358 0.995635780 57.688765069
0.995529427 -0.008475903 -0.094070823 -4.037684274 0.009296205 0.999922465 0.008285237 -0.678281243 0.093993304 -0.009122699 0.995531032 58.624255196
0.995395331 -0.007152420 -0.095587538 -4.128152958 0.007230998 0.999973743 0.000475682 -0.685475082 0.095581626 -0.001164685 0.995420914 59.543120839
0.995320263 -0.005469373 -0.096476219 -4.221546654 0.005061565 0.999977194 -0.004471257 -0.696153207 0.096498473 0.003962012 0.995325247 60.459149322
0.995232454 -0.000592842 -0.097529539 -4.320027945 0.000240983 0.999993421 -0.003619459 -0.710374567 0.097531043 0.003578700 0.995226049 61.370041575
0.995141094 0.002127659 -0.098436148 -4.415149417 -0.002260028 0.999996686 -0.001233237 -0.727861077 0.098433198 0.001449714 0.995142605 62.250803600
0.995005014 0.004268407 -0.099733661 -4.490157613 -0.004178975 0.999990657 0.001105612 -0.745859994 0.099737449 -0.000683305 0.995013555 62.921399195
0.994815231 0.003835973 -0.101626476 -4.564070250 -0.004142723 0.999987478 -0.002807528 -0.635518487 0.101614434 0.003213982 0.994818665 63.952096260
0.994621864 0.003396128 -0.103517219 -4.639991000 -0.004113854 0.999968954 -0.006720687 -0.529218758 0.103491181 0.007110397 0.994604956 64.983072095
0.994464059 0.004384616 -0.104985768 -4.727749953 -0.005047798 0.999968946 -0.006052001 -0.553579769 0.104955972 0.006548444 0.994455309 65.814681255
0.994028986 0.004828284 -0.109009458 -4.700108251 -0.005352399 0.999975479 -0.004515877 -0.601620312 0.108984981 0.005072375 0.994030455 66.560876369
0.994089632 0.004400729 -0.108473211 -4.891490086 -0.004887107 0.999979160 -0.004218415 -0.599175953 0.108452387 0.004723603 0.994090422 67.437352416
0.993988131 0.007652027 -0.109220157 -5.008273487 -0.008056797 0.999962213 -0.003265168 -0.576476307 0.109191045 0.004125502 0.994012221 68.236482219
0.993812559 0.009202397 -0.110688366 -5.098787174 -0.009163802 0.999957644 0.000857422 -0.592963030 0.110691568 0.000162210 0.993854793 69.026280078
0.993560171 0.012410424 -0.112624015 -5.183788655 -0.012178325 0.999922064 0.002748593 -0.610785674 0.112649349 -0.001359320 0.993633874 69.790451425
0.993364004 0.015050970 -0.114023783 -5.280200217 -0.015327072 0.999881340 -0.001545091 -0.625504967 0.113986997 0.003282489 0.993476819 70.537705031
0.993247629 0.014824578 -0.115062503 -5.376937201 -0.015957124 0.999832817 -0.008927981 -0.640999848 0.114910913 0.010703762 0.993318132 71.254011231
0.993080075 0.013736977 -0.116633015 -5.463445756 -0.015574831 0.999768264 -0.014860812 -0.656105430 0.116401844 0.016574515 0.993063893 71.966004986
0.993036375 0.014576131 -0.116902926 -5.560769046 -0.016587944 0.999730275 -0.016254790 -0.668580589 0.116634463 0.018080777 0.993010316 72.661699559
0.992921384 0.017340806 -0.117500731 -5.655545276 -0.018964974 0.999739250 -0.012718590 -0.688490895 0.117249542 0.014856958 0.992991347 73.337887631
0.992734337 0.017732490 -0.119013002 -5.722391749 -0.019081445 0.999765856 -0.010204499 -0.717952900 0.118804184 0.012401297 0.992840256 73.971011459
0.992660653 0.014509108 -0.120059622 -5.803235897 -0.016243982 0.999777132 -0.013484027 -0.739677093 0.119837223 0.015335309 0.992675107 74.608063205
0.992722128 0.006462613 -0.120253941 -5.863797956 -0.008772065 0.999786932 -0.018685347 -0.761001232 0.120107563 0.019604233 0.992567301 75.228156270
0.992943055 0.002294959 -0.118569908 -5.950120209 -0.005107914 0.999712535 -0.023425574 -0.781275437 0.118482063 0.023865906 0.992669340 75.830428414
0.993351897 0.004765899 -0.115018674 -6.036279511 -0.007539721 0.999690842 -0.023693293 -0.801206964 0.114870196 0.024402987 0.993080728 76.423865743
0.993784828 0.009770861 -0.110888443 -6.113348852 -0.012134550 0.999712895 -0.020661091 -0.821868217 0.110654730 0.021878260 0.993618072 76.997250201
0.994313245 0.008368971 -0.106165587 -6.173132807 -0.010278826 0.999794813 -0.017454991 -0.843290410 0.105997723 0.018446986 0.994195248 77.553588581
0.994933981 0.004766653 -0.100417396 -6.219519496 -0.006127820 0.999893425 -0.013251005 -0.862529292 0.100343531 0.013799215 0.994857154 78.096699419
0.995652058 0.000343115 -0.093149669 -6.239545867 -0.001097059 0.999967054 -0.008042815 -0.912262550 0.093143841 0.008110036 0.995619632 78.620021635
0.996670036 0.004087374 -0.081437911 -6.304269627 -0.004900081 0.999940148 -0.009782115 -0.901500692 0.081393054 0.010148594 0.996630411 79.134731908
0.997754226 0.009330040 -0.066328385 -6.341592370 -0.010035387 0.999896503 -0.010308941 -0.915517280 0.066225338 0.010951420 0.997744592 79.635166192
0.998728140 0.014479703 -0.048295344 -6.364063568 -0.014966173 0.999840692 -0.009726433 -0.928196387 0.048146815 0.010436859 0.998785741 80.125143122
0.999573157 0.012904478 -0.026210260 -6.363788198 -0.013148015 0.999871781 -0.009140683 -0.940562818 0.026088943 0.009481395 0.999614661 80.606843478
0.999955733 0.009409124 0.000035352 -6.344992243 -0.009408535 0.999923307 -0.008053558 -0.955394364 -0.000111127 0.008052869 0.999967569 81.073606868
0.999525367 0.008355563 0.029651733 -6.312520837 -0.008170749 0.999946466 -0.006348528 -0.969948819 -0.029703191 0.006103238 0.999540130 81.529885292
0.998000296 0.007986664 0.062702646 -6.263370728 -0.007704940 0.999959113 -0.004733533 -0.983570302 -0.062737887 0.004240947 0.998021028 81.979221064
0.994930116 0.007997975 0.100250166 -6.194568266 -0.007626275 0.999962553 -0.004090419 -0.995167177 -0.100279127 0.003305146 0.994953855 82.425286076
