1.000000000 0.000000000 0.000000000 0.000000000 0.000000000 1.000000000 0.000000000 0.000000000 0.000000000 0.000000000 1.000000000 0.000000000
0.999990880 -0.002650874 -0.003348551 -0.002426767 0.002643499 0.999994075 -0.002204936 -0.004410234 0.003354376 0.002196064 0.999991963 0.675046015
0.999970766 -0.001271958 -0.007539798 -0.012618791 0.001243060 0.999991869 -0.003836161 -0.006664770 0.007544616 0.003826676 0.999964217 1.371171627
0.999932400 -0.001203417 -0.011564921 -0.028469890 0.001140080 0.999984325 -0.005481726 -0.007361836 0.011571337 0.005468170 0.999918098 2.089871869
0.999868865 0.000028237 -0.016194223 -0.047691473 -0.000126276 0.999981673 -0.006052930 -0.013784864 0.016193755 0.006054181 0.999850543 2.803177785
0.999785577 -0.001121458 -0.020677119 -0.065740777 0.000990652 0.999979441 -0.006335300 -0.022616416 0.020683799 0.006313457 0.999766133 3.544623195
0.999680980 0.000754124 -0.025246178 -0.091988534 -0.000947193 0.999970394 -0.007636348 -0.031574856 0.025239672 0.007657825 0.999652098 4.301159443
0.999586979 0.003390059 -0.028537336 -0.177999425 -0.003637705 0.999956139 -0.008630545 -0.031031046 0.028506826 0.008730791 0.999555468 5.199991771
0.999443912 0.003879440 -0.033118233 -0.207042768 -0.004115387 0.999966615 -0.007059195 -0.040467992 0.033089742 0.007191564 0.999426511 5.998354589
0.999220288 0.010191945 -0.038143668 -0.254600483 -0.010351014 0.999938526 -0.003975098 -0.061198009 0.038100809 0.004366824 0.999264359 6.959423705
0.999066068 0.009796723 -0.042083431 -0.286245234 -0.009862554 0.999950443 -0.001356958 -0.070167857 0.042068051 0.001770741 0.999113179 7.776243010
0.998928929 0.011395332 -0.044845758 -0.325632537 -0.011496153 0.999931935 -0.001990888 -0.079769019 0.044820019 0.002504309 0.998991939 8.593187104
0.994374930 -0.030810053 -0.101337256 1.264301191 0.030871742 0.999522893 -0.000959839 0.115646546 0.101318480 -0.002174018 0.994851667 8.569800826
0.994031093 -0.033911743 -0.103692720 1.187499979 0.033923789 0.999423064 -0.001647917 0.110813430 0.103688779 -0.001879569 0.994608015 9.406359942
0.993768670 -0.034104417 -0.106116533 1.101965431 0.034206211 0.999414425 -0.000861178 0.103248513 0.106083763 -0.002774033 0.994353327 10.250188240
0.993911263 -0.037731724 -0.103521581 0.942719611 0.038035348 0.999275933 0.000959772 0.069185518 0.103410411 -0.004891407 0.994626745 11.136274976
0.993760457 -0.035657401 -0.105682088 0.851287638 0.035685144 0.999361755 -0.001629012 0.063591293 0.105672723 -0.002152433 0.994398634 11.997382429
0.993664299 -0.035324953 -0.106693058 0.751391485 0.035037979 0.999375562 -0.004563608 0.059550783 0.106787644 0.000796386 0.994281532 12.867577964
0.993736073 -0.027510326 -0.108313430 0.649671618 0.026359051 0.999579949 -0.012046802 -0.004656477 0.108599345 0.009116302 0.994043800 13.730453253
0.993609927 -0.026645673 -0.109678257 0.548727581 0.025521727 0.999606510 -0.011639014 -0.022607427 0.109945229 0.008765461 0.993898996 14.620329796
0.917482500 -0.375138826 -0.132275180 1.730266068 0.386323948 0.919576587 0.071642921 0.398701198 0.094761117 -0.116832196 0.988620538 13.755933721
0.917445873 -0.374512364 -0.134289090 1.611766305 0.386045778 0.919604542 0.072774602 0.451172155 0.096237869 -0.118608495 0.988266309 14.652723969
0.886395272 -0.436010201 -0.155558754 1.756540790 0.451004275 0.889125762 0.077785113 0.535312714 0.104396193 -0.139106019 0.984759336 15.370522242
0.886032532 -0.436265985 -0.156902337 1.615087527 0.451261282 0.889148442 0.076015150 0.596515642 0.106346644 -0.138155845 0.984684393 16.266894500
0.893732159 -0.422796916 -0.149951975 1.432651237 0.437280274 0.895687279 0.080810031 0.593180278 0.100143844 -0.137793564 0.985385277 17.285470892
0.893510528 -0.422640556 -0.151703317 1.297518686 0.437475174 0.895499165 0.081833470 0.665632958 0.101264051 -0.139485502 0.985032683 18.207258346
0.997017067 0.057365695 -0.051634724 1.280542997 -0.048481181 0.986031552 0.159346646 -0.144403397 0.060054498 -0.156368013 0.985871443 19.529343281
0.997018863 0.058347245 -0.050487485 1.227348936 -0.049405215 0.985368222 0.163121400 -0.005993026 0.059266448 -0.160140767 0.985313363 20.453373668
0.996246376 -0.053163529 -0.068313966 1.413402310 0.067948444 0.969216314 0.236648993 -1.188627897 0.053629915 -0.240402529 0.969190619 21.511578015
0.996380923 -0.052644599 -0.066735319 1.345814996 0.067108147 0.969068912 0.237490929 -0.978723342 0.052168508 -0.241109915 0.969094658 22.425452917
0.996498324 -0.052011765 -0.065466523 1.288679742 0.066027076 0.969874608 0.234485970 -0.764527328 0.051298289 -0.237987439 0.969912607 23.343970490
0.997292519 0.017383951 -0.071452291 1.254661092 -0.011540914 0.996615570 0.081389267 1.373713844 0.072625333 -0.080344283 0.994117879 24.279823654
0.997386444 0.016915929 -0.070243378 1.184066125 -0.011393603 0.996865818 0.078286188 1.443710978 0.071347506 -0.077281257 0.994453187 25.224923633
0.997477464 0.014661821 -0.069453152 1.112416115 -0.009137587 0.996816952 0.079198923 1.514434715 0.070393280 -0.078364506 0.994436418 26.191252264
0.998140657 -0.009174509 -0.060258256 1.014799916 0.014641617 0.995750267 0.090923200 1.498927003 0.059167998 -0.091636421 0.994033156 27.069535042
0.998032275 -0.013056672 -0.061327820 0.958553961 0.018824746 0.995352697 0.094438542 1.575805817 0.059809758 -0.095407194 0.993639905 28.049491149
0.997831667 -0.020888734 -0.062414948 0.903863738 0.026704775 0.995227864 0.093852833 1.657877713 0.060156629 -0.095316106 0.993627707 29.034093606
0.998628062 -0.005223000 -0.052102927 0.692562665 0.009592516 0.996422176 0.083969225 1.883117605 0.051477941 -0.084353822 0.995105248 30.331592531
0.998569251 -0.004476506 -0.053286132 0.629155417 0.008734030 0.996761667 0.079936829 1.952586864 0.052755736 -0.080287862 0.995374649 31.296728712
0.998509887 -0.001373896 -0.054553816 0.578593385 0.005717483 0.996814937 0.079544271 2.017000882 0.054270773 -0.079737652 0.995337425 32.321595617
0.998455978 -0.001161427 -0.055536568 0.521202678 0.005656128 0.996710732 0.080843826 2.087720737 0.055260000 -0.081033123 0.995178359 33.320686027
0.997459785 0.046531551 -0.053933228 0.254340236 -0.042667611 0.996584257 0.070705682 2.284515968 0.057039051 -0.068224872 0.996038108 34.544898472
0.997370413 0.046716274 -0.055406218 0.195561673 -0.042677168 0.996493432 0.071968738 2.345345266 0.058574044 -0.069414910 0.995866784 35.555124206
0.997531020 0.023559855 -0.066157367 0.292598229 -0.018720650 0.997168141 0.072837046 2.589659953 0.067686049 -0.071418704 0.995147209 36.972588457
0.997518039 0.023489299 -0.066377823 0.230433066 -0.018433426 0.996954197 0.075779529 2.652248770 0.067955657 -0.074367876 0.994912784 37.984516743
0.996369950 -0.001776797 -0.085110316 0.110485892 0.007988600 0.997321823 0.072700503 2.978684522 0.084753202 -0.073116508 0.993715689 39.476475195
0.996328511 -0.001893529 -0.085591544 0.025705444 0.008094403 0.997360335 0.072158460 3.034728125 0.085228977 -0.072586344 0.993713864 40.471411572
0.996128867 -0.008756002 -0.087467783 0.080344645 0.014912118 0.997437063 0.069978104 3.137624987 0.086630880 -0.071011539 0.993706421 41.127600306
0.996158465 -0.006708269 -0.087311574 -0.018475324 0.012650212 0.997626864 0.067680220 3.195571719 0.086650354 -0.068524734 0.993879307 42.109736635
0.996059557 -0.007120333 -0.088400567 -0.108913086 0.013135135 0.997622899 0.067646282 3.250603641 0.087708766 -0.068540879 0.993785349 43.096327038
0.989872157 -0.092199216 -0.107946366 -0.128521282 0.099682654 0.992820997 0.066104734 3.788651321 0.101076614 -0.076195616 0.991956524 44.397245411
0.989668708 -0.092264091 -0.109741447 -0.225775163 0.099995871 0.992718499 0.067162543 3.842756379 0.102745673 -0.077442359 0.991688463 45.398171229
0.989994207 -0.089624983 -0.108990061 -0.356169096 0.096896637 0.993276172 0.063352097 3.892558453 0.102579300 -0.073278979 0.992022015 46.401953119
0.990026940 -0.089984603 -0.108394780 -0.452192006 0.096730083 0.993580543 0.058659995 3.930329005 0.102420448 -0.068560012 0.992375723 47.361685933
0.990014896 -0.089191445 -0.109157643 -0.557352131 0.095843884 0.993746593 0.057285761 3.977839761 0.103365636 -0.067175850 0.992372385 48.333819428
0.986432559 -0.121436766 -0.110471350 -0.556048562 0.130032131 0.988727386 0.074228037 4.111587693 0.100212036 -0.087585778 0.991103566 49.191543826
0.986116996 -0.123244565 -0.111283638 -0.658575664 0.132233398 0.988195964 0.077350272 4.169010941 0.100437042 -0.090991832 0.990773883 50.156851052
0.984980010 -0.129936938 -0.113713556 -0.827342954 0.139479110 0.986955969 0.080395856 4.185306917 0.101783882 -0.095048976 0.990255388 51.022397171
0.984548287 -0.133042802 -0.113860804 -0.931602035 0.142460443 0.986644000 0.078985065 4.249759465 0.101831685 -0.093985271 0.990351996 51.978906816
0.984723644 -0.131211146 -0.114468251 -1.060936964 0.140328344 0.987216555 0.075573998 4.301344605 0.103088802 -0.090482643 0.990548126 53.067351796
0.984360650 -0.132691893 -0.115874817 -1.167873837 0.142049952 0.986891271 0.076599153 4.362005689 0.104191759 -0.091861204 0.990305810 54.014916004
0.986473490 -0.126038648 -0.104806069 -1.257904853 0.133854079 0.988440258 0.071196509 4.485286524 0.094621026 -0.084262189 0.991940898 54.386611564
0.986249055 -0.126748785 -0.106054453 -1.355706652 0.135138382 0.987904610 0.076040111 4.541020064 0.095133691 -0.089326515 0.991448614 55.331781717
0.986396591 -0.124882365 -0.106893219 -1.458043609 0.133559901 0.987945466 0.078265626 4.595062318 0.095830675 -0.091477595 0.991185316 56.264646377
0.986400004 -0.123934583 -0.107959493 -1.561612061 0.132301359 0.988435245 0.074108821 4.650034224 0.097526322 -0.087384129 0.991389243 57.197421212
0.985487886 -0.128676290 -0.110706993 -1.682511937 0.136749188 0.988221607 0.068685617 4.729329090 0.100564832 -0.082827935 0.991476801 58.075356666
0.985658380 -0.127095718 -0.111014577 -1.787859823 0.134678109 0.988841239 0.063677398 4.780777171 0.101682668 -0.077715394 0.991776665 58.988545958
0.986132927 -0.122304904 -0.112175579 -1.898681759 0.130035314 0.989417212 0.064377004 4.828606531 0.103114825 -0.078071070 0.991600848 59.899416340
0.986363931 -0.119447515 -0.113218757 -2.005240767 0.127487971 0.989599184 0.066635363 4.868464987 0.104081761 -0.080160748 0.991333063 60.761412991
0.986717473 -0.114322959 -0.115407496 -2.041625852 0.122741408 0.990060437 0.068664976 4.879773822 0.106410412 -0.081918210 0.990942093 61.546748605
0.986449950 -0.116115314 -0.115903968 -2.202672027 0.124464247 0.989919938 0.067580825 4.957585064 0.106888480 -0.081091002 0.990958678 62.498334202
0.986179077 -0.117907716 -0.116398449 -2.364216731 0.126186169 0.989775412 0.066495748 5.034262723 0.107367961 -0.080264590 0.990974125 63.449927314
0.985904854 -0.119700157 -0.116890937 -2.526257880 0.127907168 0.989626860 0.065409749 5.109805876 0.107848854 -0.079438978 0.990988433 64.401526759
0.985627283 -0.121492630 -0.117381430 -2.688793386 0.129627235 0.989474281 0.064322833 5.184213608 0.108331156 -0.078614169 0.991001601 65.353131355
0.985346365 -0.123285128 -0.117869925 -2.851821159 0.131346363 0.989317678 0.063235005 5.257485004 0.108814865 -0.077790168 0.991013630 66.304739916
0.985062100 -0.125077641 -0.118356421 -3.015339108 0.133064545 0.989157049 0.062146269 5.329619158 0.109299979 -0.076966977 0.991024520 67.256351261
0.984774491 -0.126870163 -0.118840915 -3.179345137 0.134781774 0.988992397 0.061056630 5.400615168 0.109786497 -0.076144601 0.991034270 68.207964205
0.987953842 -0.111964780 -0.106822723 -1.429551279 0.124579642 0.984948365 0.119819158 4.052532720 0.091799341 -0.131683734 0.987032054 58.400925084
0.987953842 -0.111964780 -0.106822723 -1.429551279 0.124579642 0.984948365 0.119819158 4.052532720 0.091799341 -0.131683734 0.987032054 58.400925084
0.987953842 -0.111964780 -0.106822723 -1.429551279 0.124579642 0.984948365 0.119819158 4.052532720 0.091799341 -0.131683734 0.987032054 58.400925084
0.988299052 -0.120642223 -0.093329728 -2.055589799 0.125929602 0.990623172 0.052985534 4.765233254 0.086062298 -0.064118528 0.994224369 57.901596792
0.988365741 -0.119794713 -0.093714400 -2.128369944 0.124972320 0.990824657 0.051462790 4.800421364 0.086689568 -0.062575765 0.994268169 58.603064070
0.988579977 -0.117031839 -0.094937761 -2.193135337 0.122597099 0.990928252 0.055055877 4.821180262 0.087633219 -0.066066232 0.993959593 59.267708646
0.990535527 -0.107502020 -0.085338652 -2.474813622 0.112803819 0.991807950 0.059935703 4.734384318 0.078196344 -0.068994969 0.994547649 59.865049421
0.990122746 -0.110639178 -0.086115741 -2.528830284 0.115722554 0.991676158 0.056450751 4.759520466 0.079153263 -0.065858706 0.994684569 60.505000711
0.989253403 -0.118496446 -0.085652189 -2.565936093 0.123160970 0.991055724 0.051380216 4.781697502 0.078797719 -0.061377060 0.994999385 61.127336163
0.988978211 -0.122444499 -0.083243274 -2.633705366 0.126620928 0.990842991 0.046875447 4.802549300 0.076741374 -0.056899136 0.995426165 61.730852875
0.992478457 -0.113063475 -0.046937874 -3.575895607 0.114385242 0.993083188 0.026491453 5.222293781 0.043617997 -0.031661197 0.998546463 62.869590211
0.993183828 -0.108264033 -0.043183133 -3.612474770 0.109605187 0.993522473 0.029996653 5.229719219 0.039655854 -0.034525286 0.998616752 63.448015192
0.993179523 -0.109951796 -0.038794825 -3.635603679 0.111274182 0.993216512 0.033749333 5.237098871 0.034820861 -0.037836008 0.998677097 64.009700890
0.993012849 -0.113008617 -0.033978434 -3.643012401 0.114322167 0.992655025 0.039578325 5.259688232 0.029256172 -0.043186273 0.998638584 64.561898865
0.992711323 -0.117604935 -0.026330751 -3.645181742 0.118686604 0.991947936 0.044190298 5.265833482 0.020921737 -0.046993316 0.998676078 65.088326888
0.993420919 -0.112932328 -0.019004378 -3.639482910 0.113671096 0.992553777 0.043770786 5.286557636 0.013919731 -0.045643062 0.998860827 65.531850697
0.994177225 -0.107686352 -0.003910824 -3.644224519 0.107753011 0.993156893 0.045040803 5.299835930 -0.000966218 -0.045199944 0.998977493 66.033667101
0.993097135 -0.116900527 0.009609721 -3.725411075 0.116249328 0.991850797 0.052135309 5.250011482 -0.015626054 -0.050658302 0.998593793 66.763630316
0.992681796 -0.114914059 0.037116171 -3.766448403 0.112850019 0.992165076 0.053603495 5.345594542 -0.042985164 -0.049022654 0.997872264 67.242958854
0.991945032 -0.108885839 0.064721927 -3.548619409 0.105308328 0.992842390 0.056339545 5.350330933 -0.070393252 -0.049069974 0.996311662 67.539885446
0.989485477 -0.110079483 0.093813634 -3.485122923 0.104604786 0.992615663 0.061416478 5.368816042 -0.099881577 -0.050957358 0.993693624 67.993446582
0.983663032 -0.114695878 0.138751201 -3.717818914 0.105030289 0.991628683 0.075107885 5.268328040 -0.146204235 -0.059307771 0.987475017 68.551874782
0.976716797 -0.114284530 0.181558102 -3.764802067 0.101980452 0.991898317 0.075747719 5.348781382 -0.188743968 -0.055468693 0.980458535 68.965950970
0.968277189 -0.114093622 0.222310439 -3.641923690 0.098439349 0.991897586 0.080304877 5.379646183 -0.229671462 -0.055873286 0.971663108 69.390071710
0.954649152 -0.134747023 0.265496207 -3.395873495 0.112674911 0.988910072 0.096753470 5.282202081 -0.275589116 -0.062450856 0.959244771 70.051206938
0.940572268 -0.133727145 0.312155183 -3.134327588 0.108559659 0.989371682 0.096739212 5.377994917 -0.321774158 -0.057102760 0.945092941 70.523850331
0.916074276 -0.160452502 0.367509068 -3.077977850 0.124616541 0.984992638 0.119416169 4.966754003 -0.381154350 -0.063596372 0.922321453 70.713799214
0.879627001 -0.145831950 0.452757530 -3.255407443 0.103157879 0.987675433 0.117710198 5.157478848 -0.464343397 -0.056835562 0.883829694 71.336862391
0.847821723 -0.142661414 0.510730895 -3.006448399 0.087108557 0.987516258 0.131239249 5.112494186 -0.523077839 -0.066778455 0.849664765 71.760335592
0.817274445 -0.154460112 0.555161739 -2.736986476 0.094877867 0.986327108 0.134748010 5.068120124 -0.568384265 -0.057453544 0.820754785 71.845658066
0.778206984 -0.155853978 0.608361264 -2.470332643 0.088391045 0.986255418 0.139596828 5.119071845 -0.621756313 -0.054861539 0.781286950 72.124753933
0.736501392 -0.158328402 0.657645662 -2.159097574 0.084227431 0.986120323 0.143081966 5.197749533 -0.671171691 -0.049988263 0.739614585 72.383570463
0.676983148 -0.151462563 0.720245034 -2.013679492 0.069075511 0.987351682 0.142706794 5.307691540 -0.732749883 -0.046858800 0.678882804 72.863933006
0.633808628 -0.145398590 0.759701173 -1.646000061 0.082737756 0.989282437 0.120310947 5.726355743 -0.769052070 -0.013398146 0.639045697 73.038106501
0.583327665 -0.144701776 0.799243537 -1.320143610 0.073924726 0.989377226 0.125171240 5.782168472 -0.808865854 -0.013931988 0.587828146 73.242395427
0.527299109 -0.146696496 0.836920419 -0.989971482 0.072638617 0.989160201 0.127615548 5.852383427 -0.846569124 -0.006498823 0.532239123 73.466914532
0.476157493 -0.156099779 0.865394073 -0.651150090 0.038823369 0.986890226 0.156653845 5.540264294 -0.878502583 -0.040994389 0.475975495 73.609375765
0.431288750 -0.148336377 0.889936140 -0.300702923 0.048630717 0.988779650 0.141243965 5.821930262 -0.900902363 -0.017638700 0.433663243 73.698680528
0.381870411 -0.143582931 0.912994486 0.071830587 0.044270235 0.989566267 0.137108530 5.960128696 -0.923154990 -0.011939210 0.384242527 73.811961947
0.328427206 -0.142455520 0.933724796 0.429163962 0.039769451 0.989769944 0.137017698 6.034177492 -0.943691666 -0.007866617 0.330732755 73.965774030
0.284990954 -0.151738226 0.946443695 0.782423984 0.004509806 0.987591912 0.156977316 5.753986125 -0.958519597 -0.040468837 0.282139071 74.015767565
0.245984691 -0.154489279 0.956882749 1.054512163 0.039370086 0.987994032 0.149391394 5.801099853 -0.968473814 0.000924560 0.249113663 73.967171881
0.209522726 -0.157010140 0.965115560 1.420523705 0.040731632 0.987568505 0.151820230 5.882495460 -0.976955046 0.007500943 0.213313325 73.988297308
0.170927333 -0.153937156 0.973184052 1.799516502 0.039875547 0.987991246 0.149275712 6.029585817 -0.984476403 0.013290947 0.175013037 74.112574728
0.140496376 -0.145895647 0.979272806 2.215316362 0.021954969 0.989299214 0.144239536 6.088467525 -0.989837738 0.001234772 0.142196089 74.186721498
0.111296690 -0.139866486 0.983895529 2.667272097 0.020433209 0.990159238 0.138445537 6.171842371 -0.993577139 0.004695613 0.113059367 74.255885558
0.092079787 -0.139408594 0.985944500 3.021645340 0.006051437 0.990211086 0.139446714 6.167503139 -0.995733244 -0.006873843 0.092022048 74.177699464
0.066867606 -0.136720399 0.988350270 3.428207535 0.003767167 0.990594835 0.136776024 6.220585423 -0.997754745 -0.005422605 0.066753754 74.194525867
0.040965611 -0.130896996 0.990549239 3.836916622 0.017269664 0.991326113 0.130285444 6.300781124 -0.999011300 0.011769230 0.042870827 74.228391151
0.020903474 -0.123813584 0.992085299 4.258300282 0.016139263 0.992214607 0.123489663 6.367452977 -0.999651224 0.013430163 0.022738993 74.225170825
0.002963076 -0.121281992 0.992613670 4.712686857 0.018897066 0.992447570 0.121205287 6.450765976 -0.999817044 0.018398345 0.005232571 74.228589218
-0.012283035 -0.125968333 0.991958218 5.172205727 0.014636757 0.991904120 0.126142704 6.499565965 -0.999817430 0.016068467 -0.010339825 74.219616245
-0.026401176 -0.130969275 0.991034826 5.666701339 0.013484506 0.991243536 0.131356084 6.547010309 -0.999560476 0.016831571 -0.024403939 74.186436650
-0.039830939 -0.133273171 0.990278627 6.148016483 0.013656863 0.990899919 0.133906091 6.605712113 -0.999113100 0.018857705 -0.037648381 74.157274062
-0.051936476 -0.133692474 0.989661015 6.645262607 0.015637115 0.990768112 0.134662651 6.669418208 -0.998527958 0.022469346 -0.049366439 74.121758446
-0.057026282 -0.139541702 0.988572767 7.059906648 0.005030046 0.990131391 0.140051870 6.647201795 -0.998360006 0.012959204 -0.055761611 74.040101514
-0.065170377 -0.138550043 0.988208838 7.583876819 0.005763957 0.990245308 0.139215684 6.720620893 -0.997857504 0.014768732 -0.063736064 74.001782267
-0.070893719 -0.138039390 0.987886232 8.127698279 0.006389314 0.990294987 0.138834487 6.793657517 -0.997463412 0.016154408 -0.069323717 73.960105530
-0.076645898 -0.136980578 0.987604034 8.668862373 0.006638609 0.990425698 0.137887151 6.863967594 -0.997036276 0.017124802 -0.075002707 73.914378643
-0.082545574 -0.136019374 0.987261342 9.250067592 0.006059101 0.990555309 0.136979804 6.944501793 -0.996568871 0.017288993 -0.080941801 73.865954955
-0.083288392 -0.144013715 0.986064447 10.136957046 -0.012975381 0.989575328 0.143430504 6.723222569 -0.996441008 -0.000848466 -0.084288771 73.594867045
-0.086465187 -0.143886709 0.985809508 10.749420840 -0.012082441 0.989594047 0.143379344 6.809001209 -0.996181603 0.000486337 -0.087303937 73.538358953
-0.089643204 -0.144238664 0.985474152 11.374874992 -0.011683506 0.989541974 0.143771265 6.897119207 -0.995905413 0.001374324 -0.090390926 73.480682679
-0.092586872 -0.144305579 0.985192149 12.001315662 -0.009622274 0.989525659 0.144036041 6.982175560 -0.995658115 0.003856058 -0.093005634 73.431433981
-0.093791745 -0.144546775 0.985042810 12.661006017 -0.005913496 0.989467694 0.144633031 7.072119219 -0.995574276 0.007740337 -0.093658678 73.357595384
-0.093210787 -0.144391129 0.985120780 13.372684811 -0.002255518 0.989456441 0.144813202 7.175236475 -0.995643843 0.011276195 -0.092553690 73.280943872
-0.091215280 -0.144276211 0.985324387 14.064199798 -0.000456964 0.989455166 0.144838758 7.270829268 -0.995831092 0.012761250 -0.090319359 73.224324975
-0.087968271 -0.143903918 0.985674006 14.794493813 0.002689221 0.989472148 0.144698433 7.376130666 -0.996119647 0.015379566 -0.086655165 73.169646399
-0.084719025 -0.143540155 0.986011618 15.525006117 0.005834902 0.989480801 0.144546527 7.481289805 -0.996387796 0.017999122 -0.082990306 73.117677098
-0.081467609 -0.143184932 0.986337216 16.255727816 0.008980014 0.989481125 0.144383042 7.586298140 -0.996635534 0.020619864 -0.079324859 73.068417311
-0.078214090 -0.142838254 0.986650794 16.986650014 0.012124494 0.989473120 0.144207981 7.691147126 -0.996862856 0.023241737 -0.075658898 73.021867222
-0.074958535 -0.142500130 0.986952345 17.717763807 0.015268275 0.989456786 0.144021349 7.795828225 -0.997069756 0.025864689 -0.071992499 72.978026960
-0.071701009 -0.142170566 0.987241863 18.449060289 0.018411294 0.989432123 0.143823149 7.900332900 -0.997256231 0.028488666 -0.068325738 72.936896597
-0.068441582 -0.141849570 0.987519341 19.180530552 0.021553486 0.989399132 0.143613385 8.004652619 -0.997422276 0.031113612 -0.064658689 72.898476151
-0.046648283 -0.194012274 0.979889369 10.134979475 -0.078109626 0.978662132 0.190050828 6.025824390 -0.995852812 -0.067673247 -0.060807134 73.193201483
-0.043434152 -0.189543189 0.980911236 10.917671341 -0.083271262 0.979108183 0.185507581 6.167299384 -0.995579917 -0.073624352 -0.058310234 73.141337096
-0.043002035 -0.186465359 0.981519992 11.710811690 -0.086324828 0.979448053 0.182289705 6.315007069 -0.995338560 -0.076890716 -0.058214850 73.101843326
-0.042359299 -0.186993148 0.981447529 12.521779564 -0.088342954 0.979182531 0.182748719 6.464806366 -0.995189033 -0.078962867 -0.057997012 73.066589517
-0.041793549 -0.188730082 0.981139264 13.321038659 -0.091450467 0.978597712 0.184345683 6.605934743 -0.994932214 -0.082021184 -0.058158525 73.026815907
0.696854791 0.415317729 0.584726077 16.614076284 0.418838564 -0.897467965 0.138295007 3.820119992 0.582209291 0.148534292 -0.799355932 69.565600654
0.696239514 0.416650191 0.584511041 17.083407012 0.421355450 -0.896469157 0.137122699 3.943621456 0.581128319 0.150816671 -0.799715079 68.912248372
0.695690820 0.417917326 0.584259695 17.550183602 0.422837997 -0.895752322 0.137243597 4.064204943 0.580708456 0.151568089 -0.799877993 68.256619073
0.694527899 0.420244804 0.583973717 18.007699404 0.425643929 -0.894396805 0.137410338 4.184952544 0.580050207 0.153129554 -0.800058184 67.616306554
0.691916564 0.423654690 0.584609418 18.464425363 0.428475102 -0.892675943 0.139781070 4.296176427 0.581085669 0.153773743 -0.799182758 66.954729515
0.683510856 0.423871683 0.594260638 18.882428986 0.434399809 -0.890468545 0.135508579 4.710109806 0.586608655 0.165525123 -0.792774696 65.779999865
0.675021952 0.423935611 0.603841007 19.314145253 0.440342768 -0.888176090 0.131306814 5.116637363 0.591982779 0.177262038 -0.786215339 64.607645809
0.692597510 0.424502081 0.583186653 19.709440418 0.427752319 -0.892704472 0.141798023 4.358286244 0.580806889 0.151250485 -0.799866644 66.122990612
0.709810758 0.424352213 0.562222275 20.141685096 0.415276372 -0.896805207 0.152597366 3.573420694 0.568958894 0.125162375 -0.812785431 67.614558636
0.726644373 0.423486158 0.540968973 20.610109861 0.402927480 -0.900474169 0.163693973 2.762286084 0.556450718 0.099023961 -0.824958698 69.080936296
0.892561071 0.149955121 0.425262502 15.371274340 0.100584047 0.853115554 -0.511934275 5.417809416 -0.439565221 0.499707228 0.746374639 84.326413222
0.888206824 0.150317763 0.434158045 15.717337383 0.105681740 0.852782205 -0.511462493 4.997548489 -0.447124153 0.500167053 0.741561131 84.925411927
0.883785003 0.148671724 0.443644887 16.072082966 0.111993394 0.853397447 -0.509087692 4.573937314 -0.454292359 0.499609364 0.737569614 85.514712856
0.879060887 0.149084452 0.452797729 16.434750368 0.116323323 0.854045439 -0.507025909 4.159607143 -0.462299515 0.498377582 0.733415942 86.088506479
0.874169572 0.147649526 0.462630714 16.801050489 0.122874045 0.854408528 -0.504864374 3.748642897 -0.469818613 0.498182381 0.728755642 86.658558181
0.869050983 0.147631861 0.472181345 17.172789836 0.128529047 0.854287916 -0.503659053 3.336981869 -0.477734940 0.498394413 0.723444770 87.226769323
0.863893145 0.147308236 0.481652280 17.539333584 0.134603650 0.853973525 -0.502604293 2.930167497 -0.485356047 0.499028558 0.717913648 87.784034538
0.858600661 0.148488431 0.490669024 17.916102670 0.139385956 0.853454766 -0.502181758 2.531460161 -0.493331999 0.499565960 0.712079624 88.331890701
0.854155950 0.147214412 0.498743952 18.265689816 0.145360594 0.853266686 -0.500805611 2.167901262 -0.499287403 0.500263810 0.707423643 88.797181424
0.847466781 0.147564201 0.509926329 18.624163510 0.153094182 0.851834120 -0.500939920 1.753704048 -0.508293445 0.502596696 0.699309899 89.431844223
0.842687438 0.147211024 0.517886856 19.013104801 0.158462773 0.851475111 -0.499879670 1.370156133 -0.514555566 0.503308106 0.694199913 89.945056492
0.837982245 0.146862795 0.525563581 19.407325037 0.163586868 0.851203886 -0.498689563 0.987412225 -0.520600705 0.503868300 0.689268919 90.456437643
0.836670139 0.157648664 0.524528338 20.111483769 0.151075453 0.854101262 -0.497681868 0.475020320 -0.526459197 0.495638914 0.690784178 90.974946864
0.832973454 0.155486600 0.531017083 20.502020820 0.156304201 0.854493747 -0.495388164 0.100231095 -0.530776998 0.495645391 0.687467399 91.473897772
0.830750401 0.151842818 0.535534808 20.896391035 0.161408246 0.855031736 -0.492816506 -0.270332012 -0.532729903 0.495847244 0.685809274 91.962218852
0.829384012 0.127751278 0.543876614 21.084355395 0.187954718 0.852954472 -0.486971962 -0.516768233 -0.526113281 0.506110935 0.683415347 92.502014014
0.828198303 0.125524521 0.546197003 21.473862626 0.190756500 0.853264122 -0.485337302 -0.872202404 -0.526972038 0.506146158 0.682727279 92.980259269
0.827369917 0.124662978 0.547647845 21.854996349 0.191817780 0.853713977 -0.484126414 -1.219659129 -0.527887260 0.505600225 0.682424687 93.443454935
0.826737619 0.124353980 0.548672031 22.211682029 0.192956918 0.853430731 -0.484173125 -1.561404464 -0.528462428 0.506154200 0.681568330 93.907250544
0.827581416 0.124114550 0.547452809 22.572253400 0.192936836 0.852945604 -0.485035230 -1.890189621 -0.527147396 0.507029956 0.681935662 94.336918444
0.829420230 0.123250817 0.544858990 22.929124386 0.194506393 0.850606629 -0.488503455 -2.266810142 -0.523669119 0.511153204 0.681537274 94.828070695
0.832568430 0.123266241 0.540032632 23.269598409 0.191891622 0.850372614 -0.489942878 -2.576043777 -0.519622378 0.511538710 0.684339633 95.236210525
0.836654129 0.124166861 0.533472079 23.581237009 0.187676176 0.850021224 -0.492180425 -2.890139983 -0.514575088 0.511904785 0.687870606 95.667777732
0.842673947 0.124885333 0.523740655 23.877861526 0.181250459 0.850160615 -0.494343200 -3.185033791 -0.506999892 0.511498370 0.693772677 96.060541782
0.853135315 0.135669351 0.503739974 24.133994745 0.168857789 0.841801821 -0.512695564 -3.151716813 -0.493606302 0.522459110 0.695262035 96.479842111
0.861704374 0.136951192 0.488579515 24.384352934 0.159240501 0.841252838 -0.516658615 -3.440092617 -0.481775917 0.523008636 0.703103074 96.854921549
0.902736839 0.093639312 0.419878410 25.303254721 0.159215577 0.833992375 -0.528305894 -3.077299424 -0.399645592 0.543772376 0.737966804 96.763984227
0.912714561 0.096166839 0.397119716 25.497948024 0.144890268 0.832576720 -0.534623994 -3.369859423 -0.382045730 0.545497886 0.745971257 97.163345816
0.915928616 0.105373508 0.387261145 25.428735251 0.130744521 0.833939644 -0.536144142 -3.783724685 -0.379447811 0.541702034 0.750052175 97.607519981
0.927458924 0.108868436 0.357725604 25.601360223 0.108938993 0.836506157 -0.537019315 -4.067243709 -0.357704123 0.537033623 0.763965083 98.009325384
0.942371613 0.105860811 0.317378688 25.836322543 0.090023971 0.833404539 -0.545282092 -4.231983321 -0.322228843 0.542430054 0.775846769 98.407178639
0.955598547 0.090215453 0.280521993 25.860008024 0.084065799 0.828955368 -0.552961065 -4.542158091 -0.282425845 0.551991096 0.784564511 99.222528329
0.967278014 0.092266304 0.236347568 25.952053894 0.055499913 0.832028276 -0.551949914 -4.865661744 -0.247574238 0.547006286 0.799681887 99.618567024
0.978659980 0.083772019 0.187634997 26.026598391 0.035763059 0.829752165 -0.556985052 -5.141601012 -0.202350307 0.551809382 0.809049294 100.094424734
0.988544302 0.093606629 0.118397477 26.286232379 -0.012763634 0.833484373 -0.552395591 -5.547254174 -0.150390336 0.544556332 0.825130989 100.626640658
0.994480114 0.087965854 0.057195382 26.308894356 -0.041978655 0.833142385 -0.551463108 -5.815133685 -0.096161820 0.546018109 0.832236222 101.100369405
0.996059307 0.088378813 -0.007418997 26.314308580 -0.077727866 0.829604893 -0.552914189 -6.076480024 -0.042711064 0.551311987 0.833205171 101.579299510
0.994021001 0.082159692 -0.071916861 26.263208159 -0.108412859 0.821032849 -0.560492384 -6.310987369 0.012996223 0.564937913 0.825031062 102.060722561
0.986595738 0.078900399 -0.142841092 26.212762415 -0.146070072 0.817234590 -0.557486465 -6.557253329 0.072748777 0.570878579 0.817805150 102.467001223
0.974816019 0.069517088 -0.211898804 26.088214620 -0.176163847 0.822675731 -0.540528390 -6.828318979 0.136748044 0.564244642 0.814203879 102.677275052
0.955986410 0.068896440 -0.285207406 25.954177119 -0.216131139 0.822755735 -0.525699849 -7.134631363 0.198437181 0.564204113 0.801433967 103.057741772
0.934439134 0.065496987 -0.350048069 25.741793143 -0.249109503 0.822654245 -0.511062079 -7.369101294 0.254495504 0.564756706 0.785036242 103.418726223
0.909281989 0.058167713 -0.412095597 25.523421020 -0.276960759 0.823661068 -0.494848647 -7.599890932 0.310642886 0.564091272 0.765050348 103.783203649
0.880730829 0.061480749 -0.469609757 25.224818751 -0.308927893 0.826143764 -0.471221857 -7.778247115 0.358994099 0.560095169 0.746603401 104.071964982
0.848439507 0.065317555 -0.525246628 24.891788757 -0.338462216 0.829899247 -0.443520650 -8.001022278 0.406932096 0.554076580 0.726226833 104.422820403
0.814327662 0.068533973 -0.576344995 24.554261811 -0.366132502 0.831156248 -0.418480923 -8.146997097 0.450352583 0.551799227 0.701926039 104.712295276
0.778021013 0.071659537 -0.624137977 24.240815373 -0.390463222 0.833441117 -0.391042679 -8.324673262 0.492160315 0.547942347 0.676415115 105.002969856
0.736544562 0.077481237 -0.671936579 24.077606175 -0.416248577 0.834950279 -0.359993269 -8.412751310 0.533140910 0.544843730 0.647229542 105.132818331
0.703686016 0.084198259 -0.705504532 23.616689148 -0.436989270 0.834231075 -0.336301786 -8.637663577 0.560237779 0.544948775 0.623830477 105.496939062
0.674788916 0.089014943 -0.732622863 23.183549378 -0.455701124 0.831105849 -0.318746847 -8.753987320 0.580513914 0.548943901 0.601385225 105.760627971
0.648110951 0.088000041 -0.756444438 22.820127806 -0.468464232 0.829199221 -0.304909683 -8.867533862 0.600411074 0.551982467 0.578637968 105.987219133
0.626461704 0.084397540 -0.774869530 22.201478071 -0.470707303 0.833341075 -0.289788350 -8.992915782 0.621273183 0.546278051 0.561782808 106.212909839
0.609100413 0.080252090 -0.789022363 21.810005414 -0.472300474 0.835923465 -0.279578652 -9.129013179 0.637125537 0.542947108 0.547064428 106.474086523
0.589481677 0.081739906 -0.803635452 21.621423176 -0.478821711 0.836602488 -0.266131634 -9.332582825 0.650569844 0.541677824 0.532300679 106.767443764
0.578495000 0.083615036 -0.811388970 21.203026966 -0.485777953 0.834406225 -0.260357509 -9.460545344 0.655258205 0.544770390 0.523318169 107.020047887
0.569994023 0.086692522 -0.817062556 20.771671856 -0.492827106 0.831754062 -0.255551605 -9.582703476 0.657440687 0.548333463 0.516819269 107.276816027
0.564199054 0.089177336 -0.820808644 20.331374538 -0.500160450 0.827889138 -0.253848575 -9.705558057 0.656901021 0.553757147 0.511697245 107.540053780
0.564714284 0.093289177 -0.819996895 19.861012061 -0.511559725 0.819253382 -0.259095627 -9.798884028 0.647614411 0.565792388 0.510367073 107.792335263
0.563986492 0.091629068 -0.820684684 19.413649018 -0.512445524 0.818153951 -0.260813530 -9.945270856 0.647548316 0.567651501 0.508382683 108.062331706
0.566379549 0.087543025 -0.819481803 18.962545132 -0.510010886 0.818306208 -0.265073287 -10.097144441 0.647381729 0.568076729 0.508119796 108.343857005
0.570295522 0.080372521 -0.817498181 18.496681288 -0.506290140 0.818089706 -0.272762769 -10.248384099 0.646864215 0.569446654 0.507244710 108.637820882
0.573971753 0.076016134 -0.815339178 18.027454834 -0.504415228 0.817176697 -0.278904148 -10.404283977 0.645074961 0.571352600 0.507380037 108.933707909
0.577262828 0.079297079 -0.812698960 17.544496503 -0.507255921 0.814763026 -0.280807127 -10.563371037 0.639889879 0.574345876 0.510556321 109.226525467
0.593414172 0.107215838 -0.797724504 16.065952815 -0.524068961 0.803694373 -0.281828102 -10.803439576 0.610910259 0.585303442 0.533112124 109.001924299
0.597367778 0.109942468 -0.794395614 15.569847957 -0.521229708 0.806037042 -0.280399497 -10.984294354 0.609484478 0.581564219 0.538805838 109.333294725
0.560730278 0.121889170 -0.818977768 15.762337808 -0.554357249 0.789971146 -0.261980209 -11.910842278 0.615036256 0.600906498 0.510530885 111.088142527
0.563974773 0.125074284 -0.816265201 15.229928183 -0.552277083 0.792006433 -0.260222663 -12.086739060 0.613940127 0.597563582 0.515747309 111.414696057
0.564160460 0.129488056 -0.815448232 14.695104793 -0.555661164 0.790046031 -0.258974788 -12.273874618 0.610707497 0.599216249 0.517664216 111.706977556
0.565206675 0.124440421 -0.815509654 14.158831126 -0.552138327 0.791554667 -0.261886382 -12.451675168 0.612931221 0.598294067 0.516100307 112.045677939
0.565036343 0.114394536 -0.817097192 13.633612932 -0.548754025 0.791644357 -0.268641455 -12.643201574 0.616119267 0.600177558 0.510082295 112.396035609
0.556906735 0.096845245 -0.824909624 13.265248664 -0.525360643 0.810329001 -0.259544032 -12.786557224 0.643312586 0.577916870 0.502156358 112.057959525
0.568304494 0.123474151 -0.813501159 12.710489414 -0.546239486 0.796000101 -0.260780105 -12.791906352 0.615347403 0.592568960 0.519816892 112.121850615
0.596793239 0.013695751 -0.802278166 12.224195709 -0.210018196 0.967664237 -0.139707842 -13.154306120 0.774422486 0.251869708 0.580371831 112.087379285
0.600972296 0.051480783 -0.797610198 11.590072675 -0.256647959 0.957507180 -0.131574413 -13.486141994 0.756943938 0.283777606 0.588647726 112.196685242
0.572696219 0.113542754 -0.811866420 9.414230366 -0.495335796 0.837052426 -0.232348198 -12.142843680 0.653193303 0.535211433 0.535618550 113.445824732
0.570747465 0.114733099 -0.813070506 8.805730154 -0.498435837 0.835302950 -0.232014435 -12.318879853 0.652540457 0.537685129 0.533934129 113.831133356
0.568588587 0.113550350 -0.814747407 8.178942836 -0.502870860 0.831799374 -0.235012128 -12.492607941 0.651020674 0.543337942 0.530052793 114.220854458
0.538833419 0.208107204 -0.816302602 8.485376631 -0.635042304 0.737040356 -0.231285075 -12.558725706 0.553515870 0.643010813 0.529298853 115.291035318
0.535866167 0.204528272 -0.819155442 7.847861768 -0.634448244 0.737688392 -0.230849002 -12.737014193 0.557066313 0.643415901 0.525064854 115.695991918
0.532947212 0.204543384 -0.821053758 7.191541847 -0.633906537 0.739253044 -0.227304730 -12.919273751 0.560472811 0.641612766 0.523644237 116.110069213
0.530951154 0.204487135 -0.822359948 6.529240517 -0.632020568 0.742006707 -0.223553232 -13.099581232 0.564482837 0.638444248 0.523209392 116.514871547
0.529251360 0.206520272 -0.822947371 5.854293791 -0.632000841 0.743093752 -0.219969572 -13.278749106 0.566098874 0.636522625 0.523804365 116.926228527
0.528129486 0.216194362 -0.821181615 5.252342944 -0.603521313 0.775853505 -0.183884106 -13.610361456 0.597361927 0.592715224 0.540229018 117.244506311
0.528706117 0.214687699 -0.821205841 4.580532189 -0.599685636 0.779173658 -0.182388454 -13.769571639 0.600705402 0.588895238 0.540699009 117.679673055
0.528086578 0.216165552 -0.821216793 3.881025249 -0.600416638 0.778918482 -0.181068660 -13.919859462 0.600520131 0.588692155 0.541125789 118.127843792
0.526878392 0.217701338 -0.821587054 3.215803601 -0.604701847 0.775294669 -0.182356391 -14.078931035 0.597272832 0.592894850 0.540130410 118.558653885
0.527185458 0.217203331 -0.821521884 2.512338458 -0.608343055 0.771471610 -0.186414278 -14.214614849 0.593291008 0.598042029 0.538842751 118.989273008
0.529755984 0.220585604 -0.818963118 1.704325969 -0.615569590 0.764251021 -0.192339431 -14.146612737 0.583466090 0.606021755 0.540652342 119.355967542
0.526826901 0.226130318 -0.819340281 1.135182327 -0.620594815 0.761012352 -0.189003374 -14.542641643 0.580788681 0.608050392 0.541257082 119.848481625
0.523863281 0.231658061 -0.819696167 0.564341737 -0.625593753 0.757733618 -0.185666960 -14.936706979 0.578100094 0.610060904 0.541872655 120.340606646
0.520865269 0.237168560 -0.820030759 -0.008184325 -0.630566160 0.754414979 -0.182330353 -15.328797221 0.575400460 0.612053195 0.542499029 120.832351146
0.517833012 0.242661547 -0.820344041 -0.582384302 -0.635511792 0.751056597 -0.178993717 -15.718900944 0.572689911 0.614027167 0.543136174 121.323723686
0.514766658 0.248136753 -0.820635997 -1.158246558 -0.640430406 0.747658637 -0.175657215 -16.107006820 0.569968580 0.615982722 0.543784059 121.814732846
0.511666358 0.253593908 -0.820906613 -1.735759370 -0.645321762 0.744221266 -0.172321010 -16.493103618 0.567236601 0.617919766 0.544442652 122.305387222
0.508532264 0.259032745 -0.821155876 -2.314910939 -0.650185619 0.740744653 -0.168985266 -16.877180205 0.564494107 0.619838202 0.545111921 122.795695430
0.505364529 0.264452999 -0.821383774 -2.895689383 -0.655021740 0.737228966 -0.165650146 -17.259225548 0.561741232 0.621737937 0.545791833 123.285666100
0.502163308 0.269854404 -0.821590295 -3.478082741 -0.659829888 0.733674379 -0.162315814 -17.639228714 0.558978113 0.623618879 0.546482355 123.775307880
0.498928759 0.275236694 -0.821775429 -4.062078974 -0.664609827 0.730081067 -0.158982433 -18.017178868 0.556204882 0.625480934 0.547183452 124.264629435
0.495661039 0.280599607 -0.821939167 -4.647665963 -0.669361323 0.726449203 -0.155650166 -18.393065278 0.553421678 0.627324012 0.547895091 124.753639443
0.492360309 0.285942879 -0.822081502 -5.234831510 -0.674084143 0.722778968 -0.152319177 -18.766877311 0.550628636 0.629148022 0.548617237 125.242346601
0.493533020 0.244203438 -0.834739384 7.567790365 -0.610245001 0.781088445 -0.132294674 -15.932803628 0.619698473 0.574687326 0.534516866 118.172455577
0.498749723 0.172679200 -0.849370713 5.687828672 -0.679217596 0.686626923 -0.259242986 -13.186440830 0.538434928 0.706204901 0.459741739 118.500968002
0.497637314 0.189670022 -0.846393754 4.950107787 -0.678304900 0.693277590 -0.243451528 -13.414919072 0.540610365 0.695263595 0.473654903 118.891597493
0.513723043 0.195032784 -0.835494373 4.319927097 -0.646249946 0.728486056 -0.227308324 -13.489844804 0.564313425 0.656711717 0.500280000 119.386585132
0.512492104 0.192110527 -0.836926155 3.614160635 -0.648973202 0.724893480 -0.231004816 -13.689889451 0.562303856 0.661530791 0.496176769 119.780653390
0.510614753 0.180964287 -0.840550118 2.914044848 -0.652734044 0.717909119 -0.241960255 -13.875983003 0.559652429 0.672204153 0.484696539 120.167893757
0.651097551 -0.242664432 -0.719156417 2.697723826 0.655647454 0.657152338 0.371856451 -8.278471430 0.382358987 -0.713627899 0.586972595 119.009384173
0.648453825 -0.246017029 -0.720404926 2.101868798 0.659266641 0.654654253 0.369858494 -7.974312620 0.380624661 -0.714775091 0.586703875 119.506457227
0.646482553 -0.244603549 -0.722654421 1.507099024 0.660199617 0.654074008 0.369220338 -7.684014938 0.382356869 -0.715790679 0.584334604 120.001462615
0.643607507 -0.246428559 -0.724598055 0.901597941 0.662089739 0.654197046 0.365600058 -7.386789120 0.383935612 -0.715051879 0.584203951 120.484929000
0.640169677 -0.247539159 -0.727260029 0.316170897 0.663601629 0.655140212 0.361142882 -7.114920825 0.387060284 -0.713803662 0.583668287 120.942285671
0.635676172 -0.243620615 -0.732505836 -0.145912189 0.663525167 0.657388296 0.357176400 -6.839175324 0.394525229 -0.713084584 0.579534485 121.438208103
0.639169548 -0.241046051 -0.730314378 -0.691564095 0.659318870 0.660624518 0.358990075 -6.685889360 0.395930443 -0.710965574 0.581177284 121.782612810
0.642643862 -0.238454284 -0.728112917 -1.236195043 0.655091806 0.663842175 0.360788432 -6.530996028 0.397320516 -0.708839277 0.582823547 122.127913225
0.646099004 -0.235845398 -0.725901526 -1.779796615 0.650844110 0.667041165 0.362571413 -6.374502857 0.398695400 -0.706705761 0.584473220 122.474113181
0.648028001 -0.217768592 -0.729819532 0.359750701 0.647113943 0.662750980 0.376835088 -8.062013450 0.401625763 -0.716476084 0.570402285 120.812569405
0.649870411 -0.199606260 -0.733366068 2.502611874 0.643390503 0.658152312 0.391004086 -9.790888060 0.404619710 -0.725942749 0.556138485 119.198499700
0.651625418 -0.181366425 -0.736539567 4.647615710 0.639675433 0.653247194 0.405072146 -11.560691645 0.407675918 -0.735101574 0.541688122 117.632346371
0.653292248 -0.163057148 -0.739338627 6.793590068 0.635970376 0.648037792 0.419033054 -13.370971079 0.410793037 -0.743948511 0.527057582 116.114530551
0.651411163 -0.086106564 -0.753823027 2.421886623 0.533256876 0.758717897 0.374144700 -7.858064654 0.539722707 -0.645703347 0.540154225 120.040527457
0.646388888 -0.080551438 -0.758744273 1.808061560 0.536616511 0.754922158 0.377008295 -7.568711512 0.542424304 -0.650848677 0.531198526 120.479147545
0.643276268 -0.074387212 -0.762011932 1.193806202 0.539224904 0.750575670 0.381932802 -7.278467760 0.543536701 -0.656584119 0.522938954 120.907647084
0.640546462 -0.067712906 -0.764928227 0.576716382 0.535402009 0.753453016 0.381645439 -6.997150547 0.550495158 -0.654005745 0.518875290 121.323162226
0.637012112 -0.070359830 -0.767636023 -0.039093869 0.535741946 0.756419733 0.375246258 -6.711989909 0.554252773 -0.650291228 0.519543244 121.734361274
0.630982539 -0.078980698 -0.771766211 -0.651452647 0.539366856 0.759701748 0.363230847 -6.423088797 0.557623914 -0.645457437 0.521958109 122.159176858
0.625529552 -0.085988763 -0.775447427 -1.275116504 0.544871694 0.759519990 0.355308629 -6.136246361 0.558415273 -0.644775401 0.521955042 122.576115593
0.618561151 -0.091884105 -0.780345701 -2.046505572 0.559634251 0.748638215 0.355457913 -5.856685365 0.551535681 -0.656580638 0.514500008 123.261025578
0.613008793 -0.084948926 -0.785495958 -2.702004109 0.557096586 0.751454465 0.353496225 -5.585387673 0.560235320 -0.654293411 0.507972951 123.679899249
0.606174081 -0.081442338 -0.791151142 -3.314036229 0.553402048 0.757638659 0.346019994 -5.257621533 0.571226013 -0.647573014 0.504331274 124.126877986
0.598261816 -0.085184016 -0.796759991 -3.967661494 0.555356783 0.760865050 0.335653421 -4.994095099 0.577634524 -0.643294690 0.502504028 124.532598141
0.585748575 -0.099581360 -0.804352013 -4.531195422 0.575583349 0.749810623 0.326324744 -4.801426097 0.570615821 -0.654115879 0.496517876 124.963307451
0.579099473 -0.097205047 -0.809441153 -5.201032907 0.577953265 0.749205197 0.323514445 -4.547266510 0.574990281 -0.655166202 0.490044309 125.365465674
0.574340166 -0.092004576 -0.813430103 -5.833012830 0.580031106 0.746926488 0.325061128 -4.332427073 0.577665378 -0.658510425 0.482355399 125.671865414
0.567712502 -0.085271804 -0.818798653 -6.520015652 0.579938961 0.747342037 0.324269457 -4.082841639 0.584271612 -0.658945065 0.473727859 126.067944678
