1.000000000 0.000000000 0.000000000 0.000000000 0.000000000 1.000000000 0.000000000 0.000000000 0.000000000 0.000000000 1.000000000 0.000000000
0.999990365 -0.002580125 -0.003551590 -0.000919853 0.002571960 0.999994044 -0.002301658 -0.005812100 0.003557507 0.002292501 0.999991044 0.663238288
0.999968082 -0.001199797 -0.007899042 -0.003705900 0.001169336 0.999991868 -0.003859668 -0.010301264 0.007903609 0.003850308 0.999961353 1.354512147
0.999930887 -0.001274331 -0.011687468 -0.023812244 0.001213515 0.999985696 -0.005209120 -0.016997656 0.011693939 0.005194577 0.999918131 2.051992447
0.999865415 -0.000184620 -0.016404835 -0.045449295 0.000086249 0.999982014 -0.005996952 -0.020733879 0.016405647 0.005994730 0.999847447 2.771320228
0.999777258 -0.000876898 -0.021087071 -0.063107459 0.000746730 0.999980625 -0.006179960 -0.032399546 0.021092082 0.006162837 0.999758543 3.504632466
0.999675849 0.000837764 -0.025445941 -0.090435075 -0.001035549 0.999969350 -0.007760571 -0.036807462 0.025438659 0.007784406 0.999646076 4.248000241
0.999535560 0.003502346 -0.030272064 -0.124925876 -0.003768056 0.999954839 -0.008724828 -0.042262084 0.030240140 0.008834842 0.999503617 5.010216608
0.999381123 0.004165655 -0.034928768 -0.149775618 -0.004421352 0.999963969 -0.007246493 -0.049118733 0.034897323 0.007396441 0.999363532 5.803471271
0.999216825 0.003452787 -0.039418463 -0.185531282 -0.003643417 0.999982009 -0.004765243 -0.057997683 0.039401300 0.004905129 0.999211428 6.590718639
0.999050046 0.002722418 -0.043492451 -0.219267054 -0.002820684 0.999993606 -0.002198183 -0.064576107 0.043486188 0.002318773 0.999051337 7.404539490
0.998932630 0.004415708 -0.045979361 -0.268083009 -0.004559709 0.999985022 -0.003027466 -0.073810053 0.045965304 0.003233887 0.998937802 8.217209631
0.998778296 0.003739481 -0.049274042 -0.294901179 -0.003914003 0.999986403 -0.003445845 -0.078879862 0.049260487 0.003634494 0.998779352 9.036906715
0.998664341 0.000665133 -0.051663255 -0.334749871 -0.000885920 0.999990573 -0.004250796 -0.084937969 0.051659941 0.004290888 0.998655516 9.870563646
0.998542516 0.000360825 -0.053969567 -0.381343770 -0.000558404 0.999993198 -0.003645904 -0.093192206 0.053967885 0.003670727 0.998535925 10.703318898
0.998455425 -0.001058247 -0.055548571 -0.432542789 0.000852069 0.999992661 -0.003735210 -0.106368555 0.055552116 0.003682109 0.998448999 11.549892235
0.998351685 0.001515250 -0.057372616 -0.487846890 -0.001882422 0.999978090 -0.006346269 -0.115880451 0.057361743 0.006443807 0.998332664 12.384887513
0.998262421 0.001517174 -0.058905319 -0.544418583 -0.002055476 0.999956673 -0.009078899 -0.128223062 0.058888993 0.009184202 0.998222288 13.244929331
0.998105829 0.005711780 -0.061254627 -0.600176258 -0.006392554 0.999919902 -0.010923626 -0.141049245 0.061187327 0.011294508 0.998062395 14.119815895
0.998002838 0.006292617 -0.062854902 -0.654654862 -0.006962577 0.999921204 -0.010445506 -0.160639888 0.062784220 0.010862277 0.997968012 15.007322000
0.997883845 0.005591154 -0.064780941 -0.708465147 -0.006212932 0.999936511 -0.009400676 -0.173295755 0.064724267 0.009783263 0.997855228 15.900679448
0.997777867 0.006224910 -0.066336862 -0.772243538 -0.006770224 0.999945091 -0.007998741 -0.187736032 0.066283428 0.008430082 0.997765223 16.800145265
0.997712560 0.005850485 -0.067345526 -0.839885343 -0.006402237 0.999947665 -0.007979941 -0.204878061 0.067295314 0.008392849 0.997697800 17.696267334
0.997639053 0.006013963 -0.068411636 -0.916600644 -0.006639704 0.999938145 -0.008922997 -0.220232369 0.068353742 0.009356164 0.997617275 18.592613982
0.997526872 0.004372158 -0.070150012 -0.967435672 -0.005043712 0.999943110 -0.009398837 -0.241895403 0.070104928 0.009729409 0.997492174 19.459622295
0.997483092 0.004295165 -0.070774519 -1.031957287 -0.004834013 0.999960608 -0.007444076 -0.260826822 0.070739758 0.007767464 0.997464562 20.358488112
0.997476689 0.006381181 -0.070707387 -1.108148736 -0.006685338 0.999969387 -0.004065815 -0.280580941 0.070679277 0.004528258 0.997488814 21.265425519
0.997528803 0.007371027 -0.069870991 -1.178620914 -0.007417371 0.999972409 -0.000403842 -0.294850301 0.069866086 0.000921103 0.997555954 22.183724397
0.997635640 0.006229106 -0.068442153 -1.237838493 -0.006066347 0.999978257 0.002585635 -0.307328056 0.068456771 -0.002164327 0.997651736 23.091986315
0.997725474 0.006573669 -0.067086992 -1.302574040 -0.006355364 0.999973794 0.003466971 -0.319657667 0.067108024 -0.003032723 0.997741107 24.017511067
0.997844767 0.007051850 -0.065238732 -1.377556067 -0.007033574 0.999975134 0.000509822 -0.327608662 0.065240705 -0.000049862 0.997869555 24.947473705
0.997898272 0.008081352 -0.064294088 -1.449884322 -0.008368236 0.999956190 -0.004194023 -0.338471824 0.064257378 0.004723236 0.997922182 25.871602474
0.997976350 0.007159732 -0.063181824 -1.517001903 -0.007635238 0.999944294 -0.007287760 -0.348575774 0.063126126 0.007755420 0.997975423 26.816726652
0.998023219 0.004570159 -0.062679884 -1.577915923 -0.004985006 0.999966685 -0.006463706 -0.360605660 0.062648255 0.006763388 0.998012752 27.765734191
0.998034502 0.003006295 -0.062594681 -1.649048905 -0.003115457 0.999993792 -0.001646428 -0.372432532 0.062589343 0.001838203 0.998037672 28.725993107
0.997991311 -0.000703418 -0.063347043 -1.718033251 0.000824304 0.999997889 0.001882203 -0.387671934 0.063345586 -0.001930639 0.997989784 29.699905107
0.997891584 -0.008018939 -0.064405614 -1.776643979 0.008104793 0.999966581 0.001071856 -0.396396930 0.064394866 -0.001591590 0.997923228 30.663108467
0.997784824 -0.009937345 -0.065777612 -1.844348179 0.009760388 0.999947833 -0.003011057 -0.404517221 0.065804103 0.002362372 0.997829765 31.617190759
0.997704159 -0.009483545 -0.067055748 -1.918152296 0.009019321 0.999933243 -0.007222315 -0.415124766 0.067119765 0.006600937 0.997723090 32.592973346
0.997584064 -0.007591963 -0.069053588 -1.995392244 0.007019393 0.999938977 -0.008530553 -0.426722643 0.069114138 0.008025229 0.997576479 33.570557728
0.997513149 -0.007182244 -0.070113718 -2.035046097 0.006725546 0.999954618 -0.006747576 -0.458821338 0.070158998 0.006259243 0.997516184 34.499371174
0.997489209 -0.003204195 -0.070746103 -2.118720783 0.002913458 0.999986884 -0.004212391 -0.480086359 0.070758673 0.003995699 0.997485461 35.457280853
0.997409223 -0.002415595 -0.071895804 -2.196940960 0.002198316 0.999992775 -0.003101118 -0.501835823 0.071902775 0.002935034 0.997407327 36.431652625
0.997332795 -0.000465357 -0.072986850 -2.264747280 0.000409347 0.999999610 -0.000782362 -0.517784402 0.072987186 0.000750398 0.997332596 37.385287459
0.997260357 -0.000887315 -0.073966162 -2.326727645 0.001045412 0.999997251 0.002098728 -0.522961728 0.073964097 -0.002170304 0.997258543 38.406671219
0.997173455 0.004911090 -0.074973211 -2.404030214 -0.004602232 0.999980200 0.004291795 -0.534597844 0.074992804 -0.003934620 0.997176312 39.385781488
0.997108288 0.004792709 -0.075842543 -2.471307929 -0.004513142 0.999982377 0.003857109 -0.550971401 0.075859692 -0.003503667 0.997112346 40.365412271
0.997123081 0.004257447 -0.075679826 -2.559758265 -0.004122462 0.999989621 0.001939758 -0.548402835 0.075687299 -0.001622190 0.997130283 41.398515754
0.997097296 0.006516919 -0.075858507 -2.644129523 -0.006584649 0.999978114 -0.000642769 -0.556419767 0.075852657 0.001140405 0.997118385 42.392121133
0.997019659 0.006553071 -0.076869090 -2.729477830 -0.006630885 0.999977729 -0.000757099 -0.570648909 0.076862416 0.001264553 0.997040907 43.373252965
0.996927957 0.004743895 -0.078180198 -2.812613396 -0.004770956 0.999988606 -0.000159358 -0.575500286 0.078178551 0.000531862 0.996939231 44.359490883
0.996862091 0.005237740 -0.078984411 -2.897494898 -0.005198331 0.999986240 0.000704545 -0.587284573 0.078987014 -0.000291747 0.996875602 45.337238598
0.996826697 0.007511446 -0.079247168 -2.989175153 -0.007779042 0.999965035 -0.003068544 -0.601757987 0.079221348 0.003675274 0.996850275 46.303290286
0.996780528 0.008303170 -0.079747333 -3.086024499 -0.008932788 0.999931662 -0.007541658 -0.614937357 0.079679263 0.008229744 0.996786580 47.259613724
0.996709329 0.009202248 -0.080534670 -3.170282900 -0.009965412 0.999909123 -0.009079404 -0.629482940 0.080443800 0.009852088 0.996710455 48.224771692
0.996653631 0.008017557 -0.081346529 -3.239314195 -0.008506679 0.999947754 -0.005668020 -0.649361476 0.081296835 0.006341041 0.996669763 49.201461279
0.996636156 0.006248011 -0.081714964 -3.320263502 -0.006497412 0.999975009 -0.002786525 -0.666277021 0.081695511 0.003308087 0.996651845 50.175941933
0.996625720 0.004639178 -0.081949085 -3.401221310 -0.004829159 0.999986092 -0.002120236 -0.685631654 0.081938109 0.002508827 0.996634262 51.122252678
0.996631410 0.001725276 -0.081993022 -3.482571817 -0.002016438 0.999991952 -0.003468391 -0.703556340 0.081986379 0.003622041 0.996626868 52.073339480
0.996562951 -0.001296131 -0.082828767 -3.550188201 0.000893128 0.999987585 -0.004902361 -0.718846457 0.082834093 0.004811535 0.996551736 53.017136106
0.996450084 -0.002682442 -0.084142940 -3.631050807 0.002364258 0.999989674 -0.003880879 -0.734979251 0.084152481 0.003668167 0.996446137 53.960033270
0.996278720 -0.006436654 -0.085949296 -3.704474343 0.006483056 0.999978951 0.000260763 -0.750486411 0.085945809 -0.000817007 0.996299478 54.900920557
0.996195804 -0.007249074 -0.086841071 -3.784141687 0.007705971 0.999958169 0.004927223 -0.761302316 0.086801720 -0.005577673 0.996209993 55.844080067
0.996108485 -0.005966968 -0.087933392 -3.867449433 0.006621042 0.999952529 0.007148495 -0.772653470 0.087886563 -0.007702887 0.996100707 56.773500867
0.995987983 -0.004806976 -0.089357878 -3.959600747 0.005075137 0.999983274 0.002774017 -0.782189728 0.089343048 -0.003216391 0.995995720 57.701499972
0.995873835 -0.003516545 -0.090680421 -4.049457114 0.003035610 0.999980590 -0.005440996 -0.792212323 0.090697794 0.005143275 0.995865180 58.607392644
0.995778805 -0.001743914 -0.091768896 -4.140183824 0.000784732 0.999944700 -0.010487192 -0.807042940 0.091782110 0.010370910 0.995725107 59.500429533
0.995661605 0.003157893 -0.092994602 -4.235370566 -0.004104952 0.999941628 -0.009994495 -0.823111910 0.092957612 0.010332873 0.995616449 60.402276154
0.995561270 0.005994114 -0.093924586 -4.328446889 -0.006756659 0.999946731 -0.007802791 -0.845819805 0.093872812 0.008402773 0.995548737 61.287787737
0.995455447 0.008764693 -0.094824222 -4.422766606 -0.009434348 0.999933608 -0.006616058 -0.868815573 0.094759939 0.007480596 0.995472046 62.161303947
0.995330492 0.009385236 -0.096068357 -4.512171848 -0.010103879 0.999924475 -0.006996801 -0.887097351 0.095995435 0.007934793 0.995350147 62.997570067
0.995144444 0.011483327 -0.097753103 -4.601037731 -0.012161369 0.999905928 -0.006343250 -0.906584568 0.097671065 0.007501262 0.995190481 63.836821903
0.994971011 0.012290226 -0.099406422 -4.677785402 -0.012931634 0.999899500 -0.005810592 -0.925462726 0.099325018 0.007066859 0.995029949 64.648036974
0.994814118 0.012020162 -0.100996967 -4.763407845 -0.012617294 0.999906481 -0.005275646 -0.945992905 0.100924108 0.006522596 0.994872746 65.466673728
0.994688253 0.012506598 -0.102170761 -4.861852914 -0.013027367 0.999905321 -0.004431364 -0.964261468 0.102105666 0.005738842 0.994757005 66.290088866
0.994493833 0.015183809 -0.103689286 -4.947623798 -0.015456943 0.999878858 -0.001831087 -0.980090273 0.103648922 0.003423724 0.994608053 67.081939947
0.994340504 0.016855192 -0.104894540 -5.039271268 -0.016722432 0.999857869 0.002145057 -0.993569856 0.104915787 -0.000378826 0.994481038 67.870672732
0.994102563 0.019844262 -0.106612850 -5.129424234 -0.019545401 0.999801567 0.003847474 -1.005267188 0.106668045 -0.001740992 0.994293165 68.641170645
0.993942632 0.023161019 -0.107431894 -5.226141046 -0.023333011 0.999727689 -0.000344051 -1.021635922 0.107394671 0.002848676 0.994212387 69.365150753
0.993790950 0.022916732 -0.108877782 -5.310499089 -0.023883493 0.999685986 -0.007583402 -1.039068265 0.108669806 0.010136698 0.994026217 70.084607757
0.993641593 0.021818442 -0.110455155 -5.387303128 -0.023452866 0.999633526 -0.013519487 -1.053448124 0.110119702 0.016024014 0.993789154 70.781975993
0.993543430 0.022355444 -0.111228083 -5.466370263 -0.024149283 0.999598711 -0.014806406 -1.065825695 0.110852445 0.017396886 0.993684600 71.475048436
0.993380010 0.025478638 -0.112013370 -5.542386105 -0.026909084 0.999574277 -0.011276824 -1.087479200 0.111678365 0.014216349 0.993642712 72.134973510
0.993221949 0.025743289 -0.113346565 -5.620692944 -0.026927587 0.999597502 -0.008929632 -1.113027958 0.113071065 0.011921256 0.993515384 72.788488034
0.993132881 0.022543830 -0.114799198 -5.687776927 -0.024105272 0.999634599 -0.012231314 -1.132742575 0.114481509 0.014914586 0.993313414 73.426621518
0.993251242 0.014121672 -0.115119719 -5.744585658 -0.016258334 0.999712162 -0.017642532 -1.148509505 0.114837441 0.019395122 0.993194941 74.033889346
0.993356049 0.010193369 -0.114629206 -5.799361228 -0.012850118 0.999665113 -0.022461871 -1.169258353 0.114361856 0.023785634 0.993154373 74.640530422
0.993661742 0.012688850 -0.111693038 -5.869386928 -0.015365902 0.999614145 -0.023139807 -1.182189274 0.111356323 0.024709406 0.993473308 75.228505074
0.994071340 0.017650838 -0.107287556 -5.947644001 -0.019939791 0.999595085 -0.020299503 -1.198385563 0.106885810 0.022318445 0.994020780 75.789874917
0.994552117 0.016214533 -0.102971722 -5.999195979 -0.018112959 0.999682293 -0.017528106 -1.212843321 0.102654797 0.019297737 0.994529834 76.355397723
0.995153435 0.012597640 -0.097524054 -6.040409849 -0.013981650 0.999810829 -0.013521073 -1.229128580 0.097335272 0.014819089 0.995141316 76.897954606
0.995957129 0.008377439 -0.089438330 -6.073564332 -0.009320748 0.999905202 -0.010134592 -1.249309866 0.089344949 0.010927252 0.995940799 77.425620759
0.996811251 0.012029552 -0.078883583 -6.110800147 -0.012904519 0.999860637 -0.010591490 -1.261022289 0.078745179 0.011575671 0.996827568 77.948425575
0.997806318 0.017327118 -0.063893064 -6.147096643 -0.018087066 0.999772164 -0.011334849 -1.274529502 0.063682106 0.012465622 0.997892378 78.448178731
0.998692115 0.022590143 -0.045866601 -6.169722292 -0.023118848 0.999671882 -0.011029374 -1.285397958 0.045602396 0.012075332 0.998886684 78.941313669
0.999491391 0.020999082 -0.023999939 -6.166316180 -0.021263824 0.999715246 -0.010829464 -1.296065464 0.023765696 0.011334287 0.999653303 79.420630023
0.999847171 0.017406624 0.001626077 -6.138569629 -0.017389206 0.999797040 -0.010173256 -1.307997245 -0.001802829 0.010143425 0.999946929 79.885005456
0.999382701 0.016367885 0.031085503 -6.103377281 -0.016095330 0.999829973 -0.008998032 -1.319804206 -0.031227496 0.008492146 0.999476226 80.342135777
0.997783919 0.016203076 0.064534571 -6.059047439 -0.015735871 0.999846215 -0.007741364 -1.332623834 -0.064650081 0.006708701 0.997885445 80.796611411
0.994637139 0.016269514 0.102138456 -5.991225121 -0.015582636 0.999850310 -0.007519306 -1.344773777 -0.102245503 0.005887395 0.994741773 81.237764815
0.989474295 0.016468965 0.143768539 -5.901167365 -0.015497480 0.999848898 -0.007874592 -1.355674871 -0.143876502 0.005563656 0.989580011 81.668349963
0.981850444 0.016194932 0.188964099 -5.790175059 -0.014955997 0.999856304 -0.007980630 -1.370332787 -0.189066191 0.005009639 0.981951566 82.088514599
0.971106050 0.018345509 0.237942181 -5.660402020 -0.016363830 0.999813039 -0.010301096 -1.386044971 -0.238086674 0.006109812 0.971224694 82.491715926
0.956434286 0.019302986 0.291308859 -5.507019811 -0.016081957 0.999780242 -0.013447614 -1.400373941 -0.291504420 0.008176942 0.956534532 82.882221852
0.937473308 0.019469032 0.347512235 -5.330923134 -0.014930021 0.999764731 -0.015734567 -1.414277227 -0.347736813 0.009562372 0.937543423 83.257252917
0.913928451 0.020178269 0.405373437 -5.136208774 -0.014221290 0.999742168 -0.017701764 -1.426281179 -0.405626109 0.010413213 0.913979772 83.612930144
0.885582814 0.020316134 0.464036997 -4.922132766 -0.012540401 0.999724583 -0.019836726 -1.437825543 -0.464312199 0.011747853 0.885593682 83.946700590
0.852677760 0.018944966 0.522093599 -4.687551762 -0.008820204 0.999721885 -0.021871375 -1.452003931 -0.522362750 0.014044263 0.852607715 84.259389447
0.816519845 0.018435769 0.577022934 -4.431195126 -0.006367036 0.999716774 -0.022931040 -1.468845739 -0.577282257 0.015049724 0.816405966 84.547658743
0.777340783 0.016671503 0.628858782 -4.156601628 -0.004118728 0.999762227 -0.021413207 -1.487792684 -0.629066247 0.014055261 0.777224618 84.817703192
0.734905726 0.016660017 0.677964614 -3.869308704 -0.004883229 0.999802288 -0.019275357 -1.498233419 -0.678151700 0.010854914 0.734841781 85.075980882
0.690157204 0.015800522 0.723486957 -3.567949471 -0.003276586 0.999819587 -0.018709822 -1.509862367 -0.723652056 0.010542152 0.690084463 85.306643638
0.643926502 0.014593240 0.764948166 -3.253000560 0.000898063 0.999802970 -0.019829646 -1.520975646 -0.765086827 0.013455806 0.643786524 85.513586313
0.597453837 0.012011397 0.801813344 -2.927687803 0.007287644 0.999765195 -0.020407003 -1.533681582 -0.801870191 0.018035572 0.597226017 85.695046558
0.550888355 0.014237571 0.834457495 -2.601866815 0.006162838 0.999757816 -0.021126491 -1.547228152 -0.834556193 0.016780964 0.550667195 85.867242053
0.503540994 0.017251660 0.863799078 -2.271839204 0.003156495 0.999757215 -0.021807035 -1.560653102 -0.863965569 0.013707314 0.503364287 86.027852454
0.458160706 0.019533567 0.888654718 -1.939481234 0.003061640 0.999717894 -0.023553332 -1.574094085 -0.888864103 0.013511952 0.457971651 86.164036179
0.415918927 0.017181143 0.909239383 -1.595588158 0.010817383 0.999657309 -0.023837957 -1.583812242 -0.909337358 0.019750248 0.415590540 86.275780508
0.376524865 0.009660084 0.926356146 -1.241098160 0.026484851 0.999424666 -0.021187026 -1.590932314 -0.926027850 0.032511846 0.376052391 86.364734879
0.341277948 0.006264512 0.939941551 -0.881584997 0.030988982 0.999359214 -0.017912128 -1.597722386 -0.939451460 0.035240847 0.340865131 86.456429773
0.307964295 0.010570045 0.951339197 -0.525521383 0.028815056 0.999375925 -0.020431679 -1.608751729 -0.950961453 0.033705119 0.307467526 86.553520351
0.276611618 0.018415282 0.960805334 -0.165979646 0.018307804 0.999533932 -0.024428310 -1.627806368 -0.960807388 0.024347390 0.276145555 86.656016976
0.247960470 0.022736011 0.968503319 0.211375758 0.013777743 0.999540696 -0.026992065 -1.651341591 -0.968672173 0.020036755 0.247533330 86.745619087
0.222221824 0.024505597 0.974688123 0.602644942 0.015310523 0.999473119 -0.028619429 -1.669521417 -0.974875914 0.021282847 0.221729547 86.814539737
0.198898337 0.025841263 0.979679376 1.000799047 0.022893410 0.999256997 -0.031005577 -1.683695570 -0.979752695 0.028595159 0.198158961 86.866300820
0.178610830 0.032236077 0.983391584 1.411416900 0.029968002 0.998821222 -0.038184878 -1.688258617 -0.983463314 0.036290514 0.177434236 86.915421697
0.159168575 0.039028077 0.986479688 1.823803493 0.032210480 0.998481042 -0.044700050 -1.692690913 -0.986725823 0.038889828 0.157669691 86.962686960
0.141677393 0.040093627 0.989100610 2.258131443 0.030178188 0.998540100 -0.044798943 -1.708243147 -0.989452775 0.036196262 0.140260606 87.019735486
0.125720673 0.035668411 0.991424267 2.708891249 0.028213010 0.998820713 -0.039512152 -1.736833900 -0.991664428 0.032938557 0.124566099 87.077040964
0.112018611 0.032486668 0.993174933 3.174886441 0.029086133 0.998930027 -0.035955495 -1.762756923 -0.993280337 0.032915303 0.110953842 87.113561352
0.098261899 0.030095328 0.994705419 3.654179242 0.031673362 0.998941649 -0.033352348 -1.782875972 -0.994656422 0.034782930 0.097204683 87.156945981
0.087219115 0.029056931 0.995765294 4.151965410 0.035913383 0.998833044 -0.032292104 -1.803215083 -0.995541589 0.038577789 0.086073801 87.184090745
0.077057508 0.029843414 0.996579907 4.659661314 0.039347746 0.998682197 -0.032948814 -1.821099503 -0.996249916 0.041752126 0.075781691 87.211792639
0.069111302 0.030342404 0.997147415 5.180663745 0.041409814 0.998588626 -0.033256332 -1.841122512 -0.996749144 0.043590078 0.067757286 87.244544864
0.063620812 0.030687195 0.997502225 5.722245922 0.043181063 0.998506389 -0.033472181 -1.862539344 -0.997039512 0.045202734 0.062200681 87.274280123
0.058457589 0.031815695 0.997782778 6.290726857 0.044507746 0.998415099 -0.034443455 -1.884365588 -0.997297233 0.046422544 0.056948895 87.300599961
0.052572108 0.032501874 0.998088073 6.873543574 0.045109457 0.998372687 -0.034887184 -1.905112124 -0.997597770 0.046857303 0.051020415 87.329004479
0.048128184 0.032840167 0.998301158 7.470714435 0.047618119 0.998247520 -0.035134077 -1.922861281 -0.997705464 0.049228163 0.046480054 87.359875582
0.045130319 0.032952239 0.998437481 8.083000419 0.048947893 0.998182417 -0.035156312 -1.945026314 -0.997781218 0.050458027 0.043435349 87.388356509
0.042509982 0.032238132 0.998575788 8.716674892 0.050990357 0.998106737 -0.034393680 -1.977197344 -0.997794009 0.052379811 0.040785666 87.409572465
0.040264372 0.031762474 0.998684097 9.370236522 0.053547910 0.997989709 -0.033899304 -2.001750142 -0.997753177 0.054842381 0.038482614 87.432235479
0.040097828 0.031400774 0.998702236 10.056371311 0.058459783 0.997720208 -0.033717054 -2.026719281 -0.997484144 0.059735897 0.038170731 87.441455919
0.041033816 0.031427143 0.998663387 10.740983049 0.061621477 0.997522937 -0.033923203 -2.048365674 -0.997255744 0.062931111 0.038995585 87.469116411
0.043493790 0.031349999 0.998561700 11.449872480 0.063224367 0.997417694 -0.034067911 -2.072986765 -0.997051137 0.064615174 0.041399392 87.501718486
0.047442909 0.031448672 0.998378761 12.163964725 0.065499491 0.997255125 -0.034525810 -2.100071873 -0.996724128 0.067031305 0.045252813 87.537209801
0.052542663 0.031552933 0.998120073 12.899133838 0.065840082 0.997216507 -0.034990298 -2.116416351 -0.996445860 0.067554791 0.050318963 87.558831341
0.056710317 0.029910861 0.997942524 13.647811044 0.067375070 0.997157874 -0.033716082 -2.147312584 -0.996114722 0.069148497 0.054533893 87.603810908
0.060429164 0.028348323 0.997769858 14.404740138 0.066969952 0.997229152 -0.032388944 -2.179345534 -0.995923361 0.068777837 0.058363238 87.659880421
0.064747561 0.026390376 0.997552656 15.185399114 0.064053748 0.997478854 -0.030545922 -2.209897345 -0.995843798 0.065874761 0.062893921 87.715559655
0.068588015 0.025358677 0.997322727 15.973081158 0.063405187 0.997545095 -0.029724841 -2.241864532 -0.995628177 0.065274202 0.066811767 87.779464068
0.072657585 0.026670533 0.997000280 16.765868090 0.060516477 0.997682619 -0.031098997 -2.271578760 -0.995519277 0.062594523 0.070875203 87.846930759
0.075216949 0.030668312 0.996695473 17.546806750 0.058135346 0.997691955 -0.035086235 -2.312061749 -0.995471091 0.060582315 0.073260432 87.924097152
0.076171910 0.035954074 0.996446258 18.340176354 0.052178138 0.997836664 -0.039992926 -2.351360815 -0.995728518 0.055039048 0.074131107 88.002551723
0.075364655 0.039237460 0.996383757 19.147816285 0.049431592 0.997849980 -0.043034116 -2.391125917 -0.995930061 0.052496087 0.073263049 88.081180562
0.075144386 0.039614658 0.996385468 19.976981915 0.046473441 0.997985688 -0.043183167 -2.423017268 -0.996089123 0.049550434 0.073151992 88.156165062
0.074956216 0.037830834 0.996468963 20.772701132 0.043551493 0.998202424 -0.041172668 -2.470891582 -0.996235330 0.046483859 0.073173887 88.221538973
0.074325652 0.037471823 0.996529759 21.605038870 0.044145918 0.998190515 -0.040826871 -2.505770278 -0.996256410 0.047027205 0.072536933 88.295291059
0.074829328 0.037318179 0.996497830 22.423378040 0.041635547 0.998311179 -0.040512598 -2.545474743 -0.996326780 0.044521263 0.073149191 88.363969106
0.074572242 0.038027942 0.996490269 23.235456356 0.039787828 0.998363468 -0.041076945 -2.588163240 -0.996421552 0.042711383 0.072937153 88.438479909
0.075115759 0.039057322 0.996409629 24.061811250 0.036554696 0.998453163 -0.041893152 -2.630913344 -0.996504580 0.039570287 0.073571838 88.498435462
0.073952160 0.040777960 0.996427737 24.872102960 0.033739920 0.998489345 -0.043366415 -2.672969274 -0.996690873 0.036826433 0.072464599 88.564798131
0.070922549 0.040478116 0.996660180 25.678999147 0.030705953 0.998614151 -0.042742516 -2.717961887 -0.997009095 0.033634809 0.069581342 88.632857076
0.066490818 0.039645796 0.996999088 26.483554268 0.028146915 0.998738128 -0.041592094 -2.759692569 -0.997389955 0.030827941 0.065291009 88.698228226
0.061065836 0.037170908 0.997441370 27.291693770 0.026049090 0.998906617 -0.038820302 -2.805996781 -0.997793771 0.028353034 0.060030799 88.762131922
0.054246025 0.035124446 0.997909636 28.102358271 0.023434749 0.999061070 -0.036438879 -2.850870017 -0.998252564 0.025362427 0.053371959 88.818661743
0.047244864 0.035051701 0.998268151 28.893548627 0.022908395 0.999083247 -0.036164502 -2.897368022 -0.998620613 0.024577309 0.046398573 88.849927272
0.038289119 0.036427394 0.998602518 29.700748649 0.022969805 0.999039190 -0.037324047 -2.930936169 -0.999002668 0.024366810 0.037415601 88.887551948
0.028539300 0.036908821 0.998911031 30.504220022 0.023594241 0.999014789 -0.037586752 -2.970131533 -0.999314175 0.024641247 0.027640347 88.907600041
0.018196397 0.036074338 0.999183433 31.298862218 0.024658844 0.999028723 -0.036517821 -3.009006820 -0.999530306 0.025303201 0.017289172 88.921835342
0.007431006 0.035281570 0.999349784 32.086068084 0.023642724 0.999091809 -0.035448266 -3.048648695 -0.999692854 0.023890767 0.006590105 88.926791538
-0.003880051 0.034560164 0.999395087 32.874579299 0.025128708 0.999090388 -0.034452068 -3.086054447 -0.999676694 0.024979831 -0.004744974 88.924391018
-0.015066314 0.034916415 0.999276663 33.649054055 0.025696640 0.999073532 -0.034521884 -3.126843302 -0.999556246 0.025157935 -0.015949591 88.914236780
-0.025961551 0.035591733 0.999029142 34.421132473 0.026116631 0.999049023 -0.034913754 -3.167273695 -0.999321730 0.025184860 -0.026866398 88.889741112
-0.036348197 0.036527027 0.998671410 35.175372477 0.026575711 0.999013686 -0.035572282 -3.209062547 -0.998985756 0.025247414 -0.037283078 88.862427043
-0.046466491 0.037862259 0.998202041 35.941792285 0.028084244 0.998935922 -0.036582769 -3.242222483 -0.998524982 0.026333876 -0.047480380 88.821406477
-0.054008731 0.037747786 0.997826719 36.655413753 0.029475941 0.998910011 -0.036193342 -3.293704212 -0.998105318 0.027457125 -0.055062514 88.743782769
-0.063672592 0.038321440 0.997234811 37.395468164 0.030016762 0.998883907 -0.036468266 -3.334700139 -0.997519321 0.027611731 -0.064751813 88.695731612
-0.072793466 0.038732948 0.996594637 38.129716959 0.030779714 0.998856872 -0.036572652 -3.364358155 -0.996871968 0.028012648 -0.073902443 88.632086793
-0.081472692 0.038471218 0.995932812 38.855892977 0.032441030 0.998827649 -0.035929189 -3.401308711 -0.996147469 0.029381839 -0.082625224 88.570431891
-0.088260368 0.037561196 0.995389001 39.595607090 0.034077779 0.998817686 -0.034668928 -3.432933693 -0.995514346 0.030860755 -0.089436019 88.496746267
-0.093753659 0.035991200 0.994944664 40.311161735 0.036940472 0.998783977 -0.032649182 -3.469487368 -0.994909872 0.033692745 -0.094969185 88.429440635
-0.096703563 0.034342952 0.994720555 41.003942561 0.040297268 0.998720183 -0.030563468 -3.504920504 -0.994497135 0.037128925 -0.097963727 88.339234112
-0.099252470 0.033351580 0.994503202 41.708314079 0.042065571 0.998685321 -0.029293643 -3.537820382 -0.994172739 0.038926878 -0.100524938 88.266075259
-0.101026380 0.032701752 0.994346150 42.394100924 0.042192353 0.998701274 -0.028558205 -3.566840850 -0.993988670 0.039068672 -0.102274939 88.196512520
-0.101583137 0.032900028 0.994282884 43.069196203 0.043180827 0.998656879 -0.028633094 -3.602356734 -0.993889472 0.040025318 -0.102867349 88.128557711
-0.099996582 0.034072919 0.994404203 43.722592890 0.044159410 0.998580679 -0.029775386 -3.631584936 -0.994007359 0.040934867 -0.101359295 88.056923674
-0.097362978 0.035612300 0.994611590 44.342559102 0.044738833 0.998505994 -0.031372235 -3.668732073 -0.994242871 0.041443267 -0.098810770 88.006363296
-0.091827380 0.036357895 0.995110967 44.957626878 0.044686470 0.998476903 -0.032357273 -3.696878844 -0.994771759 0.041496713 -0.093312224 87.950377320
-0.084812192 0.036802918 0.995717047 45.531605551 0.044029103 0.998479944 -0.033154771 -3.732594373 -0.995423694 0.041028599 -0.086303672 87.935298649
-0.073179538 0.036898926 0.996635954 46.103858078 0.042854282 0.998508692 -0.033821619 -3.762359906 -0.996397644 0.040235067 -0.074651682 87.900169504
-0.060237577 0.037022420 0.997497256 46.647555077 0.041978488 0.998521808 -0.034525419 -3.793774400 -0.997300978 0.039793699 -0.061702680 87.892833541
-0.042569216 0.038533646 0.998350149 47.188961670 0.040826963 0.998488386 -0.036798137 -3.822939594 -0.998258995 0.039193136 -0.044078080 87.880130942
-0.021469556 0.041512388 0.998907293 47.708204458 0.039707096 0.998384676 -0.040637243 -3.844306404 -0.998980683 0.038791245 -0.023083212 87.891321714
0.002971329 0.044682615 0.998996814 48.227132945 0.037101716 0.998308474 -0.044762179 -3.876523962 -0.999307077 0.037197499 0.001308501 87.916116759
0.031225896 0.046748730 0.998418499 48.736350950 0.034850378 0.998247303 -0.047830672 -3.906030671 -0.998904597 0.036288818 0.029541956 87.956091551
0.064562685 0.046290887 0.996839412 49.234917521 0.032160187 0.998308115 -0.048442022 -3.939210291 -0.997395299 0.035186088 0.062964729 88.006106516
0.102936303 0.044134380 0.993708345 49.741695341 0.030651861 0.998399975 -0.047517919 -3.967768775 -0.994215561 0.035350329 0.101418802 88.080565231
0.145240928 0.040577849 0.988563863 50.234790643 0.027581438 0.998604255 -0.045042276 -3.999759806 -0.989011798 0.033807995 0.143919013 88.175805235
0.190795789 0.036311161 0.980957933 50.723341897 0.024087315 0.998841531 -0.041658110 -4.032330162 -0.981334178 0.031576835 0.189700120 88.296223694
0.239511740 0.033170582 0.970326666 51.197015825 0.018596560 0.999076121 -0.038743685 -4.063017589 -0.970715352 0.027324305 0.238673602 88.441553071
0.291200392 0.031686362 0.956137179 51.649763309 0.013716711 0.999210292 -0.037291355 -4.092978891 -0.956563737 0.023974315 0.290535796 88.605287601
0.345772643 0.031238012 0.937798201 52.079149943 0.011429360 0.999231323 -0.037498429 -4.124645591 -0.938248714 0.023684364 0.345149825 88.793659460
0.404410394 0.031707421 0.914027829 52.512465449 0.012249268 0.999121430 -0.040078971 -4.153271751 -0.914495593 0.027404525 0.403666698 89.005024543
0.465165282 0.034544653 0.884549562 52.924319874 0.011657888 0.998912576 -0.045141544 -4.188318634 -0.885147081 0.031310258 0.464256732 89.235507224
0.524792870 0.037426620 0.850406780 53.305324993 0.011553432 0.998627756 -0.051079580 -4.219169001 -0.851151550 0.036631316 0.523640320 89.499478611
0.582087450 0.041908424 0.812045494 53.654593538 0.005865101 0.998428562 -0.055731569 -4.243118638 -0.813105037 0.037203376 0.580926939 89.803110973
0.637205614 0.045138240 0.769370876 53.983560260 0.000176490 0.998274830 -0.058713984 -4.266050290 -0.770693826 0.037548667 0.636098360 90.128164692
0.689540991 0.046210709 0.722770912 54.292915964 -0.003203776 0.998147229 -0.060760547 -4.290430483 -0.724239572 0.039581292 0.688411479 90.471467750
0.737624997 0.044492414 0.673743118 54.577767463 -0.005388471 0.998182735 -0.060018259 -4.317420919 -0.675189105 0.040640523 0.736524283 90.841799343
0.782001391 0.041524542 0.621891902 54.836066791 -0.009512329 0.998457141 -0.054706969 -4.343980259 -0.623204092 0.036865285 0.781189868 91.230423507
0.822417780 0.036811675 0.567691725 55.066710843 -0.011910986 0.998799689 -0.047511144 -4.369111062 -0.568759284 0.032312241 0.821869087 91.636584011
0.857880129 0.034963362 0.512658997 55.269250420 -0.016191863 0.999026368 -0.041038279 -4.390181623 -0.513594692 0.026905020 0.857610991 92.062203368
0.888068522 0.032544392 0.458557698 55.454239114 -0.019124533 0.999242918 -0.033879831 -4.405797014 -0.459313130 0.021317909 0.888018578 92.504764349
0.912607982 0.033526924 0.407458731 55.605434760 -0.024200363 0.999314273 -0.028023671 -4.427069918 -0.408118873 0.015713976 0.912793545 92.948783013
0.931842077 0.035768330 0.361096897 55.737964791 -0.028975978 0.999286905 -0.024208982 -4.445035380 -0.361705316 0.012095812 0.932214008 93.404106635
0.946295713 0.042120350 0.320546875 55.852130487 -0.037318220 0.999080384 -0.021112496 -4.460440719 -0.321141360 0.008016426 0.946997341 93.869194835
0.957422887 0.046586981 0.284905367 55.954060607 -0.042165246 0.998876322 -0.021637573 -4.472002622 -0.285593255 0.008703203 0.958311404 94.329994948
0.966014279 0.048785447 0.253843245 56.053873015 -0.044920587 0.998769748 -0.021003120 -4.483528038 -0.254555601 0.008886526 0.967017309 94.799786047
0.971854337 0.043405079 0.231549449 56.163275531 -0.039731765 0.998999943 -0.020506130 -4.498841532 -0.232207956 0.010729103 0.972606987 95.272801016
0.975562562 0.040531112 0.215951191 56.262866924 -0.037161792 0.999116213 -0.019641651 -4.516114667 -0.216556434 0.011136526 0.976206581 95.753526878
0.978097528 0.044853232 0.203257013 56.348274929 -0.041678348 0.998933365 -0.019875825 -4.530557417 -0.203931707 0.010969078 0.978923663 96.254164678
0.979742728 0.050738387 0.193726103 56.430984922 -0.047920969 0.998666486 -0.019204983 -4.540787006 -0.194442196 0.009532400 0.980867660 96.761341774
0.980501903 0.057363374 0.187950689 56.501725870 -0.054387228 0.998299950 -0.020958014 -4.544454121 -0.188833386 0.010327256 0.981954836 97.286808649
0.980675590 0.063515106 0.185043828 56.583648038 -0.059993748 0.997896246 -0.024572994 -4.562119731 -0.186215298 0.012996662 0.982422999 97.807737229
0.980841977 0.064317330 0.183881203 56.683920499 -0.060329669 0.997807711 -0.027204825 -4.578843441 -0.185227824 0.015590142 0.982571932 98.311588321
0.980468684 0.062791104 0.186382501 56.787202330 -0.057999741 0.997833457 -0.031055136 -4.598792000 -0.187928682 0.019638452 0.981986325 98.850511600
0.979848171 0.061653911 0.189990411 56.899846740 -0.055489771 0.997751021 -0.037600333 -4.616566130 -0.191881335 0.026300093 0.981065675 99.383419621
0.979044595 0.061667784 0.194084429 57.012968810 -0.054382191 0.997608910 -0.042650205 -4.636370204 -0.196250499 0.031201717 0.980057240 99.938695138
0.977772549 0.067511243 0.198502076 57.115647409 -0.060289748 0.997288112 -0.042208623 -4.666325675 -0.200813317 0.029302793 0.979191175 100.517256744
0.976297495 0.070702953 0.204558780 57.225051782 -0.064143450 0.997196598 -0.038530023 -4.692750249 -0.206709506 0.024495659 0.978095672 101.109314110
0.975557958 0.068050174 0.208939808 57.361577408 -0.062252779 0.997474065 -0.034206453 -4.716481710 -0.210739795 0.020363293 0.977330075 101.708161228
0.974846652 0.063970246 0.213498977 57.491992707 -0.059146033 0.997830505 -0.028914190 -4.741872571 -0.214885440 0.015559284 0.976515313 102.328578830
0.974235902 0.061528518 0.216976146 57.633061891 -0.057593242 0.998041418 -0.024420216 -4.766147182 -0.218053720 0.011294692 0.975871408 102.954555187
0.973897173 0.056936658 0.219732824 57.780481882 -0.052927060 0.998307611 -0.024096466 -4.786787725 -0.220732923 0.011837668 0.975262450 103.587296457
0.973980354 0.053528931 0.220220173 57.926042659 -0.048693374 0.998439746 -0.027331841 -4.812935876 -0.221339617 0.015897413 0.975067201 104.234541957
0.974226387 0.052447484 0.219390537 58.075607558 -0.045984559 0.998347404 -0.034465655 -4.839590236 -0.220835610 0.023488773 0.975028159 104.886249284
0.974273083 0.055397963 0.218456002 58.215644471 -0.047428554 0.998009611 -0.041561394 -4.857181884 -0.220323606 0.030131095 0.974961346 105.554830196
0.974785188 0.058130670 0.215440622 58.366667122 -0.049427171 0.997737469 -0.045572988 -4.880776731 -0.217602370 0.033775254 0.975452941 106.238540990
0.975429805 0.056405458 0.212967417 58.514156596 -0.048617655 0.997949365 -0.041633978 -4.905705267 -0.214879082 0.030257047 0.976171855 106.929949153
0.975886809 0.052380223 0.211899148 58.659905461 -0.046161989 0.998348691 -0.034190089 -4.937526587 -0.213340122 0.023583971 0.976693293 107.630758937
0.976300013 0.052962033 0.209841147 58.784132885 -0.048161232 0.998449107 -0.027926285 -4.978818864 -0.210994739 0.017158224 0.977336593 108.338417923
0.976581586 0.056048984 0.207718362 58.932163353 -0.051154702 0.998273557 -0.028863498 -5.006846551 -0.208977518 0.017561790 0.977762742 109.067853887
0.976816077 0.061138538 0.205164399 59.074468820 -0.055395512 0.997898114 -0.033625741 -5.035194590 -0.206788996 0.021480978 0.978149722 109.799914744
0.977579682 0.061891362 0.201264565 59.220744142 -0.055172805 0.997721610 -0.038827184 -5.063224716 -0.203209073 0.026852336 0.978767094 110.539165902
0.978472173 0.060289377 0.197376287 59.361693417 -0.053024812 0.997714150 -0.041890857 -5.092882118 -0.199450688 0.030523197 0.979432365 111.277228896
0.979411663 0.058087869 0.193335446 59.521338934 -0.051218196 0.997872131 -0.040347316 -5.124489154 -0.195267743 0.029614339 0.980302759 112.071142980
0.980264873 0.053332967 0.190358541 59.651899101 -0.047005188 0.998186489 -0.037606466 -5.174547503 -0.192018988 0.027916459 0.980994077 112.811875868
0.980706379 0.053031016 0.188156076 59.825025749 -0.047119168 0.998249040 -0.035758037 -5.190278082 -0.189722908 0.026202377 0.981487979 113.652086991
0.981192938 0.049651403 0.186534599 59.979994931 -0.044168801 0.998464384 -0.033436383 -5.224239068 -0.187908316 0.024568533 0.981879245 114.449507642
0.981557375 0.044480537 0.185920956 60.142724020 -0.039145251 0.998712271 -0.032271501 -5.257144016 -0.187116994 0.024398407 0.982034596 115.251650568
0.981509999 0.045649875 0.185887632 60.281874733 -0.040624861 0.998701049 -0.030754442 -5.290138807 -0.187050109 0.022634133 0.982089585 116.048581032
0.981187105 0.051311200 0.186115625 60.425783823 -0.045914810 0.998393733 -0.033193131 -5.313583756 -0.187519853 0.024023209 0.981967001 116.860475673
0.980780527 0.057232158 0.186531598 60.569211300 -0.051259934 0.998011204 -0.036688635 -5.348085462 -0.188260394 0.026421901 0.981763672 117.685385031
0.979991978 0.066417413 0.187628489 60.703775608 -0.060205492 0.997438580 -0.038620953 -5.379198441 -0.189712998 0.026551958 0.981480500 118.510856879
0.978987405 0.072313692 0.190668274 60.847280172 -0.066230966 0.997076938 -0.038092507 -5.417627755 -0.192865548 0.024663941 0.980915170 119.337043707
0.978192643 0.075022979 0.193676809 60.993540548 -0.069298469 0.996939884 -0.036174426 -5.457970191 -0.195798048 0.021964051 0.980398238 120.142382002
0.977522246 0.075930626 0.196684514 61.144126253 -0.069920468 0.996853721 -0.037333465 -5.495679038 -0.198900443 0.022742020 0.979755793 120.976062966
0.977250492 0.074722530 0.198489344 61.301090420 -0.068098584 0.996876377 -0.040000889 -5.535475201 -0.200858306 0.025574045 0.979286429 121.783483645
0.977468783 0.068509036 0.199652925 61.476143267 -0.061970690 0.997322606 -0.038823351 -5.575031795 -0.201778126 0.025575984 0.979097266 122.616427303
0.977796229 0.061140728 0.200440378 61.648654666 -0.054113295 0.997718868 -0.040358547 -5.622734026 -0.202450698 0.028615946 0.978874273 123.473184566
0.977612225 0.060556582 0.201512377 61.824130682 -0.053439128 0.997746225 -0.040579920 -5.665777808 -0.203515595 0.028902780 0.978644998 124.310321339
0.977109400 0.063065998 0.203174556 61.993521877 -0.056540538 0.997685648 -0.037769247 -5.707520282 -0.205086294 0.025417088 0.978413810 125.147690426
0.976542059 0.065476015 0.205130440 62.149144928 -0.060051526 0.997663916 -0.032565702 -5.741891274 -0.206783511 0.019483382 0.978192710 125.989663856
0.976077342 0.069116374 0.206145455 62.313632800 -0.064626654 0.997504100 -0.028442312 -5.784945818 -0.207596766 0.014439405 0.978107911 126.826295181
0.975899587 0.068323451 0.207248408 62.476556223 -0.062394864 0.997437060 -0.035017014 -5.827071029 -0.209109726 0.021241854 0.977661448 127.645298946
0.976475467 0.063639883 0.206023369 62.661700103 -0.054592869 0.997290439 -0.049309209 -5.873109454 -0.208603168 0.036901826 0.977303931 128.457812152
0.976888144 0.061408081 0.204740325 62.836442211 -0.050483873 0.997029733 -0.058164339 -5.920959447 -0.207703952 0.046483969 0.977086643 129.266943208
0.977023742 0.058751759 0.204872737 62.996220891 -0.049705658 0.997559756 -0.049029379 -5.965509946 -0.207253360 0.037719534 0.977559861 130.099050054
0.977461136 0.052384568 0.204513042 63.169071282 -0.047641809 0.998470580 -0.028049233 -6.013212699 -0.205669602 0.017673664 0.978461883 130.946211961
0.977656658 0.049325061 0.204339172 63.329294727 -0.047709267 0.998778871 -0.012829387 -6.059112757 -0.204722458 0.002793864 0.978816076 131.771157169
0.977688016 0.053364711 0.203170741 63.490225611 -0.050632661 0.998543662 -0.018624968 -6.089042697 -0.203868772 0.007922332 0.978966169 132.576083414
0.977681899 0.061124882 0.201002122 63.639661522 -0.055199993 0.997863235 -0.034956042 -6.116830808 -0.202709312 0.023080574 0.978966916 133.414387581
0.977918380 0.061381028 0.199769898 63.787790978 -0.053902153 0.997634175 -0.042668617 -6.150265845 -0.201916321 0.030958398 0.978913365 134.220607143
0.978611453 0.057392321 0.197549347 63.947043106 -0.049835268 0.997830537 -0.043019356 -6.200921965 -0.199589752 0.032254310 0.979348554 135.013163001
0.979225743 0.057555265 0.194433373 64.122459571 -0.050308197 0.997849750 -0.042011437 -6.236415130 -0.196433272 0.031357088 0.980015664 135.817413447
0.979998348 0.056885631 0.190702027 64.271300325 -0.049498111 0.997835850 -0.043284568 -6.278428202 -0.192751589 0.032979416 0.980693215 136.624299520
0.980942180 0.057682789 0.185540120 64.429921409 -0.050211786 0.997736880 -0.044720175 -6.322312522 -0.187699805 0.034551605 0.981618546 137.448167027
0.981236481 0.062512675 0.182392803 64.572260294 -0.055218343 0.997468504 -0.044805347 -6.371553783 -0.184731978 0.033893213 0.982204330 138.254625237
0.981223614 0.069141420 0.180054668 64.698507960 -0.061975462 0.997056764 -0.045131481 -6.408715979 -0.182645180 0.033125104 0.982620713 139.061680418
0.981562820 0.069547379 0.178038176 64.835454125 -0.062778370 0.997084182 -0.043382146 -6.453600348 -0.180536164 0.031405355 0.983066832 139.854100029
0.981795725 0.068464468 0.177171588 64.974688551 -0.062547380 0.997288433 -0.038776374 -6.491796150 -0.179345980 0.026988860 0.983415793 140.668753045
0.982115037 0.067145798 0.175901952 65.100425596 -0.061270916 0.997373512 -0.038625797 -6.538416597 -0.178033508 0.027157303 0.983649608 141.446912469
0.982648765 0.066179205 0.173267763 65.234037818 -0.059824886 0.997339665 -0.041648230 -6.582487350 -0.175563059 0.030559858 0.983993754 142.239701415
0.983966685 0.059944959 0.167976679 65.372831076 -0.053056216 0.997567755 -0.045206330 -6.627034327 -0.170278010 0.035569315 0.984753890 143.034788910
0.985170045 0.057853155 0.161533264 65.498093744 -0.051033744 0.997634458 -0.046054814 -6.670945290 -0.163815566 0.037128176 0.985792046 143.824904436
0.986389033 0.055225770 0.154876693 65.624599707 -0.049477894 0.997944476 -0.040727879 -6.708363064 -0.156807568 0.032510560 0.987093942 144.621607400
0.987459623 0.052315140 0.148951732 65.739122581 -0.048012651 0.998323101 -0.032338387 -6.747379722 -0.150393742 0.024781284 0.988315542 145.418949660
0.988108338 0.050006859 0.145400226 65.849280714 -0.047168784 0.998624318 -0.022903655 -6.783087423 -0.146345542 0.015772940 0.989107778 146.203337187
0.988374727 0.056337337 0.141214391 65.948458443 -0.054096895 0.998342178 -0.019657605 -6.826014225 -0.142087740 0.011789820 0.989783852 146.997158246
0.989004174 0.059045183 0.135589122 66.059161054 -0.056176521 0.998110559 -0.024889957 -6.844457749 -0.136802567 0.016999346 0.990452462 147.799168488
0.990075428 0.059421885 0.127356533 66.161909410 -0.055368669 0.997847562 -0.035136203 -6.873941844 -0.129170266 0.027735930 0.991234463 148.574991045
0.991155496 0.056067400 0.120279800 66.259884534 -0.051502667 0.997841858 -0.040732084 -6.899201085 -0.122303961 0.034177099 0.991904061 149.362577750
0.991936819 0.055340255 0.114012298 66.338274917 -0.051129030 0.997909113 -0.039537645 -6.935611097 -0.115961935 0.033389507 0.992692284 150.173263454
0.992438945 0.061727445 0.106087997 66.413427573 -0.058187754 0.997651067 -0.036146009 -6.973691426 -0.108070005 0.029699685 0.993699554 150.984762492
0.992955347 0.067155477 0.097620798 66.478837463 -0.063756343 0.997259359 -0.037535306 -7.012117768 -0.099873955 0.031046938 0.994515601 151.797803839
0.993742220 0.069788935 0.087211839 66.545316848 -0.066226776 0.996873528 -0.043095051 -7.050676788 -0.089946732 0.037049612 0.995257209 152.620274910
0.994574835 0.068292037 0.078467164 66.601355437 -0.064880368 0.996867119 -0.045238102 -7.089600031 -0.081310738 0.039901699 0.995889762 153.429177996
0.995121572 0.068907442 0.070603270 66.641823537 -0.066034713 0.996922545 -0.042247545 -7.126073698 -0.073297162 0.037379176 0.996609414 154.241360075
0.995454433 0.071708194 0.062677010 66.673529514 -0.069610591 0.996958802 -0.035035874 -7.166518273 -0.064998756 0.030513633 0.997418708 155.049035569
0.995653165 0.075376194 0.054710181 66.696966783 -0.073854425 0.996837748 -0.029326243 -7.200613811 -0.056747674 0.025158177 0.998071524 155.878283599
