1.000000000 0.000000000 0.000000000 0.000000000 0.000000000 1.000000000 0.000000000 0.000000000 0.000000000 0.000000000 1.000000000 0.000000000
0.999990586 -0.002657129 -0.003430250 -0.001144538 0.002649449 0.999993978 -0.002241504 -0.003672558 0.003436185 0.002232394 0.999991604 0.677713724
0.999971600 -0.001228094 -0.007435790 -0.014070224 0.001199967 0.999992113 -0.003785969 -0.007129285 0.007440381 0.003776938 0.999965187 1.370046799
0.999934118 -0.001246302 -0.011410840 -0.030171109 0.001186378 0.999985479 -0.005256741 -0.009813089 0.011417226 0.005242858 0.999921077 2.086700678
0.999873482 -0.000159813 -0.015905807 -0.056432744 0.000066707 0.999982863 -0.005853999 -0.016060070 0.015906470 0.005852197 0.999856358 2.794337542
0.999789750 -0.001293417 -0.020464161 -0.073343126 0.001168078 0.999980495 -0.006135563 -0.024562773 0.020471698 0.006110370 0.999771760 3.538070441
0.999688095 0.000662396 -0.024965466 -0.100243180 -0.000844357 0.999973154 -0.007278651 -0.035738669 0.024959975 0.007297460 0.999661816 4.290862709
0.999560309 0.010199186 -0.027841793 -0.134056839 -0.010622640 0.999829500 -0.015103997 0.066627245 0.027682997 0.015393109 0.999498226 5.140817207
0.999418118 0.010680397 -0.032393756 -0.162972734 -0.011121499 0.999847459 -0.013467420 0.051842550 0.032244977 0.013819850 0.999384447 5.939424181
0.999077695 0.013210175 -0.040856471 -0.058948254 -0.013425954 0.999897309 -0.005011526 -0.108185789 0.040786072 0.005555441 0.999152458 6.689575150
0.998912890 0.012833753 -0.044814419 -0.091812178 -0.012953887 0.999913235 -0.002391296 -0.117896912 0.044779841 0.002969218 0.998992467 7.507023874
0.998709444 0.014534648 -0.048664058 -0.114828174 -0.014699755 0.999887342 -0.003036601 -0.127848739 0.048614440 0.003748032 0.998810587 8.344085984
0.998660723 -0.001116168 -0.051725382 -0.340988190 0.001178898 0.999998606 0.001182255 -0.300299496 0.051723990 -0.001241651 0.998660647 10.052874369
0.998529143 -0.004194400 -0.054055136 -0.377349229 0.004229529 0.999990912 0.000535498 -0.303285308 0.054052398 -0.000763338 0.998537809 10.891155802
0.998397637 -0.004349534 -0.056420216 -0.421818732 0.004436956 0.999989142 0.001424313 -0.310490671 0.056413408 -0.001672365 0.998406095 11.739302054
0.998788970 -0.026099584 -0.041706177 -0.946973540 0.027046938 0.999385076 0.022314411 -0.726473089 0.041098134 -0.023415412 0.998880705 10.372687304
0.998759394 -0.023843389 -0.043716889 -0.988126971 0.024728495 0.999497738 0.019818519 -0.714682144 0.043222391 -0.020874985 0.998847366 11.236490160
0.998708314 -0.023275401 -0.045165901 -1.028928614 0.024050532 0.999571333 0.016694956 -0.697911875 0.044757958 -0.017759656 0.998839987 12.110086672
0.998525976 -0.028413943 -0.046244168 -1.070140976 0.029028382 0.999498288 0.012669833 -0.645021301 0.045860967 -0.013993551 0.998849815 12.925655557
0.998471676 -0.027819774 -0.047753244 -1.111206447 0.028478602 0.999507614 0.013171898 -0.644187331 0.047363291 -0.014511713 0.998772311 13.812414318
0.997902870 -0.055374228 -0.033519496 -1.516508408 0.055058354 0.998430268 -0.010275114 -0.030752937 0.034035855 0.008408037 0.999385244 14.740933304
0.997864512 -0.054895776 -0.035395895 -1.545481154 0.054618696 0.998468957 -0.008748747 -0.049316863 0.035821971 0.006796786 0.999335074 15.648421030
0.994739435 -0.101451018 -0.014182635 -1.810902623 0.101343845 0.994818619 -0.008083315 -0.054783095 0.014929209 0.006603470 0.999866748 16.742607595
0.994699219 -0.101553033 -0.016138286 -1.824025333 0.101413527 0.994801430 -0.009241804 -0.070484252 0.016992923 0.007556175 0.999827057 17.649265310
0.997343647 -0.069441696 -0.021988634 -1.773925567 0.069308392 0.997572321 -0.006768451 -0.457179104 0.022405265 0.005226475 0.999735309 18.318420929
0.997315585 -0.069489392 -0.023083528 -1.793399340 0.069388680 0.997576476 -0.005136624 -0.468985096 0.023384525 0.003521100 0.999720344 19.249516021
0.994932116 -0.097345648 -0.025177554 -1.782547359 0.096996307 0.995175501 -0.014745808 -0.443172511 0.026491526 0.012228949 0.999574235 20.015424002
0.995031540 -0.096461944 -0.024644031 -1.809450727 0.096219337 0.995301015 -0.010850315 -0.468014930 0.025574871 0.008425174 0.999637405 20.949922060
0.999872164 0.013221619 -0.008991399 -2.101358450 -0.013922495 0.996455276 -0.082964127 0.959851051 0.007862607 0.083078704 0.996511971 21.336067312
0.999879590 0.013677901 -0.007329377 -2.113269596 -0.014234113 0.996518164 -0.082151928 0.868302471 0.006180192 0.082246364 0.996592866 22.268213890
0.999878178 0.014384435 -0.006059542 -2.123717775 -0.014849418 0.996239077 -0.085365073 0.780366316 0.004808824 0.085444654 0.996331314 23.213973451
0.999917572 0.012693230 0.001931639 -2.252228653 -0.012475775 0.996092486 -0.087430625 0.627289111 -0.003033868 0.087399320 0.996168738 24.083298224
0.999919733 0.012271547 0.003152306 -2.252809346 -0.011936237 0.995830248 -0.090441386 0.536614826 -0.004249017 0.090396500 0.995896791 25.028481816
0.999940250 0.010187722 0.003963183 -2.253014694 -0.009791755 0.995929986 -0.089596786 0.443771421 -0.004859840 0.089552627 0.995970235 25.992425934
0.999945229 0.008890578 0.005522378 -2.233512351 -0.008359565 0.995934281 -0.089694061 0.482103270 -0.006297358 0.089642984 0.995954055 26.889325904
0.999979001 0.004552974 0.004611626 -2.226513152 -0.004138938 0.996275912 -0.086123031 0.382041726 -0.004986568 0.086102135 0.996273836 27.864191368
0.999991145 -0.002710292 0.003219342 -2.203744284 0.002979100 0.996233429 -0.086660713 0.280490993 -0.002972340 0.086669537 0.996232682 28.839124207
0.998934769 -0.046143447 -0.000332012 -2.214540452 0.045911651 0.994587399 -0.093209585 0.215892647 0.004631227 0.093095052 0.995646455 29.819056935
0.998974566 -0.045250809 -0.001476757 -2.224851973 0.044892952 0.994247834 -0.097241289 0.112454673 0.005868509 0.097075279 0.995259740 30.787100026
0.924386666 -0.349760128 0.152240419 -4.242429025 0.358617941 0.932852827 -0.034333315 -0.111622114 -0.130009480 0.086333404 0.987746971 35.734699471
0.924573066 -0.349814565 0.150978196 -4.090519275 0.358439901 0.932955154 -0.033399371 -0.156297589 -0.129172299 0.084996768 0.987972705 36.724896356
0.810995827 0.093252023 0.577572359 11.853942581 0.506820452 0.381186875 -0.773194410 -9.861533784 -0.292264945 0.919782924 0.261878932 30.000497711
0.811787867 0.092692210 0.576548883 12.429888460 0.505669822 0.382217907 -0.773438752 -10.648319536 -0.292059054 0.919411565 0.263408207 30.255369625
0.812370905 0.092029548 0.575833374 13.010425612 0.504290272 0.384983453 -0.772967699 -11.429888499 -0.292822188 0.918323638 0.266339750 30.505701114
0.812558465 0.090083258 0.575876503 13.595685839 0.504165684 0.387195863 -0.771943215 -12.213887965 -0.292516159 0.917586165 0.269202389 30.761569391
0.812427058 0.093355816 0.575540588 14.177685412 0.501468146 0.391736904 -0.771409033 -13.009371380 -0.297476008 0.915328842 0.271442692 31.029097733
0.812687779 0.093707414 0.575115201 14.753252236 0.501137153 0.391207778 -0.771892498 -13.790032373 -0.297321590 0.915519194 0.270969513 31.288435449
0.812787390 0.094965756 0.574767922 15.324221754 0.500835665 0.390033762 -0.772681889 -14.560855005 -0.297557215 0.915890370 0.269452285 31.544750825
0.812511121 0.098186182 0.574617396 15.882855872 0.500011177 0.389369931 -0.773550179 -15.335551272 -0.299690674 0.915833244 0.267273211 31.805370976
0.813216522 0.097822871 0.573680726 16.449871102 0.499304586 0.389112513 -0.774135894 -16.110169021 -0.298954544 0.915981516 0.267589317 32.060553620
0.809227264 0.106004889 0.577853094 17.003940452 0.497921982 0.398280786 -0.770354538 -16.641760883 -0.311809132 0.911117654 0.269517506 32.051205395
0.810225677 0.105184583 0.576602597 17.596204780 0.496675982 0.399122032 -0.770723408 -17.419094701 -0.311203021 0.910844557 0.271136262 32.307504995
0.809806080 0.110076792 0.576278763 18.143608395 0.495325467 0.398142065 -0.772098166 -18.177109497 -0.314430906 0.910695337 0.267894026 32.547551295
0.801138542 0.116401704 0.587049981 18.966160248 0.506687758 0.390105789 -0.768820518 -20.851258139 -0.318503615 0.913382787 0.253549464 34.219160913
0.801557097 0.117934485 0.586172055 19.538065685 0.505620665 0.389580179 -0.769788950 -21.606701708 -0.319145677 0.913410500 0.252640645 34.458069511
0.816241492 0.049774800 0.575562592 20.197267929 0.519740607 0.371708029 -0.769222232 -21.773496841 -0.252229119 0.927014353 0.277533531 34.859615936
0.816575335 0.046182040 0.575388513 20.759600295 0.520242694 0.373008893 -0.768252501 -22.528454736 -0.250104500 0.926677713 0.280563993 35.116533476
0.817565468 0.106747337 0.565854850 21.572234741 0.484311484 0.404098324 -0.775981270 -23.612326479 -0.311494931 0.908465492 0.278677875 34.834786041
0.818119540 0.105015927 0.565377815 22.120671708 0.485228752 0.401555199 -0.776728061 -24.365082790 -0.308599218 0.909793975 0.277563407 35.090212970
0.807824678 0.169681698 0.564470913 22.759740822 0.457217319 0.423987981 -0.781784187 -25.058646635 -0.371983351 0.889630436 0.264926543 35.159720310
0.808756770 0.167606542 0.563755739 23.295572834 0.457027076 0.424222716 -0.781768085 -25.810585372 -0.370187436 0.889911869 0.266492266 35.401789667
0.819928086 0.071622430 0.567968450 22.904289883 0.494463884 0.411368014 -0.765690423 -26.323197216 -0.288484662 0.908650970 0.301877483 34.723721002
0.820404024 0.067737047 0.567757809 23.444735484 0.494455874 0.414603836 -0.763948328 -27.056382174 -0.287142169 0.907477466 0.306649675 34.998557025
0.836207045 -0.015006324 0.548208526 23.507016020 0.506580194 0.404063702 -0.761648891 -27.460464643 -0.210081616 0.914607749 0.345482820 34.531787885
0.837126342 -0.011647288 0.546885571 24.019204245 0.504763014 0.401716293 -0.764093135 -28.186159248 -0.210793232 0.915690101 0.342166412 34.841353185
0.847669671 -0.029437593 0.529707049 24.567078106 0.496919262 0.393764916 -0.773317812 -28.867969614 -0.185815437 0.918739691 0.348410683 34.722237172
0.848226794 -0.024960410 0.529044690 25.049895986 0.495329721 0.391028859 -0.775722179 -29.586299976 -0.187509397 0.920039896 0.344044788 35.033600212
0.848918215 -0.021325223 0.528093836 25.526853547 0.492582380 0.394097183 -0.775918816 -30.305474871 -0.191573652 0.918821335 0.345060706 35.341084847
0.849440551 -0.020355828 0.527291561 25.989147219 0.490864411 0.397201520 -0.775424453 -31.004684813 -0.193656603 0.917505636 0.347391030 35.635255835
0.850111866 -0.019058833 0.526257138 26.450208833 0.488983018 0.399502208 -0.775431231 -31.700615231 -0.195462075 0.916534095 0.348941013 35.931957798
0.850741763 -0.018481582 0.525258873 26.901032816 0.487849958 0.399605118 -0.776091598 -32.374351597 -0.195552733 0.916501053 0.348977002 36.222131891
0.856486507 0.006462707 0.516128953 27.122769134 0.466473215 0.418396830 -0.779324600 -31.409679468 -0.220983264 0.908241337 0.355336560 35.592005414
0.857224187 0.006892656 0.514897256 27.552282917 0.464967390 0.419349558 -0.779712303 -32.070800193 -0.221296225 0.907798678 0.356271724 35.873126954
0.858397594 0.006492729 0.512943872 27.985623704 0.463189810 0.419942071 -0.780451060 -32.692284646 -0.220473969 0.907527686 0.357469897 36.130204521
0.859102851 0.005866947 0.511769353 28.406591199 0.462154858 0.420732782 -0.780638721 -33.341115552 -0.219898110 0.907165644 0.358741295 36.410000307
0.858265093 0.017314889 0.512914442 28.656160244 0.454485742 0.438578123 -0.775301193 -33.978408608 -0.238377308 0.898526251 0.368546923 36.162794302
0.859043611 0.016156040 0.511647395 29.061586379 0.452786850 0.442292700 -0.774184239 -34.602318653 -0.238805660 0.896725236 0.372633476 36.443428858
0.858942037 0.021877952 0.511605251 29.392756845 0.449392757 0.446758561 -0.773597400 -35.161774483 -0.245488753 0.894387021 0.373907915 36.755599200
0.859703396 0.026693904 0.510095586 29.769894312 0.446707985 0.445004685 -0.776159008 -35.740182116 -0.247713640 0.895130306 0.370647659 37.011441055
0.865723394 0.015735590 0.500275320 30.385688735 0.448671630 0.418617218 -0.789590649 -35.954403332 -0.221848538 0.908026440 0.355346605 37.717914408
0.866515479 0.018391721 0.498811256 30.741781334 0.447588723 0.413705642 -0.792787473 -36.525006068 -0.220941757 0.910224910 0.350250416 37.965591790
0.866580077 0.019984546 0.498637733 31.078689279 0.446999734 0.413171939 -0.793397874 -37.089579919 -0.221878815 0.910433724 0.349113484 38.210384730
0.866886204 0.020293575 0.498092844 31.405098477 0.445467548 0.416946825 -0.792284045 -37.641248953 -0.223756505 0.908704306 0.352405321 38.444603963
0.867898772 0.020043931 0.496336542 31.756330323 0.442567353 0.422546698 -0.790941480 -38.223436413 -0.225578943 0.906119489 0.357856971 38.587988434
0.868613227 0.019127330 0.495121407 32.077439845 0.442757883 0.418617954 -0.792921475 -38.733642089 -0.222433181 0.907960987 0.355148316 38.802659989
0.868714637 0.015220912 0.495078988 32.394050021 0.445894167 0.411182764 -0.795051650 -39.230005974 -0.215669358 0.911425838 0.350413569 39.009478764
0.867923130 0.014516828 0.496486356 32.684714030 0.448719567 0.405690550 -0.796282568 -39.720616422 -0.212979320 0.913895201 0.345594227 39.219195265
0.864141027 0.023158295 0.502716599 32.924431984 0.453406970 0.397619054 -0.797697441 -40.195507974 -0.218363011 0.917258296 0.333098806 39.723943977
0.861910313 0.025630034 0.506412592 33.205147380 0.454877444 0.402207018 -0.794553979 -40.665771369 -0.224047144 0.915189934 0.335007853 39.912531416
0.859632348 0.022597942 0.510413127 33.496936470 0.459212168 0.403741723 -0.791275430 -41.115044801 -0.223956272 0.914593874 0.336692195 40.096969010
0.854305906 0.024397667 0.519197625 33.633826179 0.461013042 0.425779566 -0.778574811 -41.602849397 -0.240059148 0.904497936 0.352498355 39.758840065
0.850172300 0.017473806 0.526214525 33.917602954 0.469432080 0.427414895 -0.772625414 -42.022887090 -0.238412632 0.903886704 0.355173539 39.903923616
0.850116252 -0.007507054 0.526541548 34.155823823 0.483020652 0.409381973 -0.774013856 -41.931091660 -0.209746053 0.912332201 0.351648331 40.418469209
0.842046169 -0.002810998 0.539398135 34.422961683 0.492556316 0.411632571 -0.766776957 -42.322488760 -0.219878432 0.911345557 0.347998204 40.586752389
0.833768722 0.005581151 0.552085654 34.747042000 0.499155922 0.419718394 -0.758076404 -42.698114810 -0.235951443 0.907637218 0.347162205 40.535036680
0.830118450 0.005611198 0.557558852 35.412407218 0.505224063 0.415494375 -0.756381564 -42.627433490 -0.235906774 0.909578440 0.342074634 40.598233750
0.818075422 0.009819917 0.575027107 35.906258694 0.516726611 0.426396726 -0.742414602 -43.079666651 -0.252480126 0.904482947 0.343750469 40.514573734
0.801879338 0.013945032 0.597323249 36.210270374 0.535533469 0.426529650 -0.728887071 -43.388638585 -0.264940430 0.904366073 0.334557282 40.635094955
0.783371365 0.018231667 0.621286497 36.483919574 0.556500717 0.424622939 -0.714144461 -43.557661224 -0.276832542 0.905186702 0.322491516 40.871215594
0.749067724 0.018832575 0.662225701 36.328391501 0.593739201 0.424348873 -0.683667899 -44.084405050 -0.293889957 0.905302915 0.306684406 41.043927314
