1.000000000 0.000000000 0.000000000 0.000000000 0.000000000 1.000000000 0.000000000 0.000000000 0.000000000 0.000000000 1.000000000 0.000000000
0.999991050 -0.002626690 -0.003316764 -0.004069162 0.002619104 0.999993950 -0.002289326 -0.002835577 0.003322758 0.002280619 0.999991879 0.680633611
0.999971802 -0.001176305 -0.007417022 -0.013933000 0.001147734 0.999991910 -0.003855104 -0.006359163 0.007421497 0.003846482 0.999965062 1.371162465
0.999935750 -0.001143153 -0.011277845 -0.032442434 0.001083332 0.999985321 -0.005308905 -0.009937671 0.011283749 0.005296346 0.999922310 2.086398537
0.999878106 -0.000224992 -0.015611604 -0.067800781 0.000130859 0.999981808 -0.006030443 -0.012366275 0.015612677 0.006027665 0.999859946 2.807926474
0.999798037 -0.001364077 -0.020050539 -0.086046213 0.001239349 0.999979814 -0.006231831 -0.021978992 0.020058635 0.006205723 0.999779546 3.549498748
0.999693583 0.000373378 -0.024750771 -0.110277039 -0.000559532 0.999971608 -0.007514620 -0.030706139 0.024747262 0.007526167 0.999665409 4.309261040
0.999529206 0.001884491 -0.030623763 -0.036283722 -0.002107957 0.999971377 -0.007266496 -0.106325855 0.030609193 0.007327629 0.999504569 5.325628277
0.999378580 0.002367464 -0.035168871 -0.066404110 -0.002570782 0.999980238 -0.005737093 -0.114061391 0.035154594 0.005823939 0.999364916 6.122722778
0.992822065 -0.084483359 -0.084657598 0.825761260 0.088681864 0.994944861 0.047119539 -0.347993769 0.080248825 -0.054288912 0.995295353 7.063491621
0.992438743 -0.084738456 -0.088796028 0.756744852 0.089351110 0.994778265 0.049321224 -0.315451155 0.084152954 -0.056882318 0.994827966 7.876732880
0.992317987 -0.083182501 -0.091573381 0.681724984 0.087872498 0.994953848 0.048427941 -0.284071796 0.087082930 -0.056102698 0.994620053 8.693683164
0.995550794 -0.032034861 -0.088613678 1.042435282 0.036843172 0.997905638 0.053168770 -0.184378146 0.086724835 -0.056197020 0.994646016 9.998562620
0.995254430 -0.035123219 -0.090746780 0.972707505 0.040001588 0.997818889 0.052510365 -0.144399843 0.088704519 -0.055891189 0.994488654 10.832346690
0.995007149 -0.035714055 -0.093194851 0.894515103 0.040777105 0.997761567 0.053000785 -0.102689898 0.091093367 -0.056536376 0.994236208 11.667961321
0.996246124 -0.031971905 -0.080445365 0.543022050 0.035140366 0.998648843 0.038283708 -0.282148252 0.079112667 -0.040966876 0.996023544 12.540280718
0.996145901 -0.029822735 -0.082486048 0.469466394 0.032865470 0.998819158 0.035779201 -0.256555994 0.081321611 -0.038352248 0.995949748 13.401814106
0.996053252 -0.029523421 -0.083703570 0.390335756 0.032388945 0.998927586 0.033085258 -0.232171725 0.082637016 -0.035665749 0.995941302 14.271041549
-0.535635833 -0.780554573 -0.322224787 6.013796813 0.818287707 -0.574012856 0.030240198 -1.531624617 -0.208565295 -0.247474848 0.946180066 14.552674467
-0.535356114 -0.780875259 -0.321912504 5.735197869 0.818831768 -0.573304175 0.028928522 -1.504528445 -0.207143350 -0.248105124 0.946327364 15.401728134
-0.628976804 -0.706213688 -0.325039085 5.219332521 0.744200950 -0.667865460 0.010985122 -1.279406285 -0.224840222 -0.234985010 0.945636780 16.535077260
-0.629254755 -0.705870485 -0.325246539 4.933069322 0.744449700 -0.667622780 0.008629458 -1.264142014 -0.223233278 -0.236699561 0.945589880 17.396642760
-0.560619503 -0.755264144 -0.339531804 4.613664504 0.800733237 -0.598935043 0.010153668 -1.234193094 -0.211026197 -0.266182056 0.940539769 18.637356870
-0.561379576 -0.755564516 -0.337602182 4.312172574 0.800692268 -0.599005708 0.009168105 -1.222692808 -0.209152729 -0.265168670 0.941244236 19.493774684
-0.519066883 -0.767240612 -0.376711313 6.306848977 0.807438080 -0.584727519 0.078342037 -2.653950713 -0.280380665 -0.263506303 0.923011978 16.528885110
-0.519483763 -0.766575517 -0.377489862 5.959482217 0.807464365 -0.584920204 0.076613664 -2.577741311 -0.279531606 -0.265010057 0.922838962 17.390917951
-0.450260582 -0.818386797 -0.357083266 5.036784099 0.850553784 -0.514809279 0.107376285 -2.912803685 -0.271705113 -0.255371215 0.927880313 18.347991604
-0.449306474 -0.817379212 -0.360575811 4.712734495 0.850872592 -0.514539068 0.106138495 -2.810139364 -0.272285742 -0.259115362 0.926671303 19.221333479
-0.500218436 -0.786655753 -0.361876004 4.774298020 0.814602307 -0.569225567 0.111379241 -2.746251932 -0.293606195 -0.239071078 0.925548714 19.859373237
-0.499269596 -0.786643618 -0.363210255 4.445731811 0.814731857 -0.568885753 0.112165064 -2.634969949 -0.294859071 -0.239918359 0.924930975 20.731802947
-0.498332451 -0.788005962 -0.361540278 4.112863083 0.814910796 -0.568077107 0.114929525 -2.523400590 -0.295947906 -0.237349963 0.925245822 21.610392907
-0.488556139 -0.790497443 -0.369359841 3.842136117 0.818540504 -0.561832470 0.119731864 -2.340127841 -0.302166084 -0.243840253 0.921540877 22.608415817
-0.488411358 -0.791430533 -0.367548712 3.498120782 0.818187504 -0.561770395 0.122406015 -2.223485635 -0.303353843 -0.240939275 0.921913614 23.486154814
-0.490082947 -0.789873438 -0.368671476 3.147260272 0.816702214 -0.563906651 0.122502173 -2.104367439 -0.304657510 -0.241058585 0.921452419 24.380721488
-0.500443565 -0.781729159 -0.372096440 2.796918731 0.812666901 -0.572354382 0.109466752 -1.709223388 -0.298544380 -0.247608529 0.921716480 25.423912286
-0.504085458 -0.778294243 -0.374374040 2.439474266 0.810361845 -0.576145697 0.106629340 -1.591237213 -0.298682994 -0.249628138 0.921126627 26.331935070
-0.510117910 -0.774891311 -0.373260197 2.079622671 0.806322048 -0.581892088 0.106048824 -1.469672256 -0.299373467 -0.246870522 0.921645524 27.234599975
-0.543103734 -0.751461417 -0.374625243 1.552500818 0.778160768 -0.618061390 0.111650962 -2.036129946 -0.315442788 -0.230880612 0.920429242 28.585520816
-0.542984932 -0.753355671 -0.370975197 1.202502832 0.778794279 -0.617003073 0.113078195 -1.928422476 -0.314080936 -0.227513605 0.921732459 29.490191481
-0.486494975 -0.789266791 -0.374673955 0.851954589 0.821566352 -0.559171567 0.111157037 -1.634959261 -0.297239580 -0.253742174 0.920469196 30.285513184
-0.486501939 -0.788973302 -0.375282550 0.486758364 0.821836636 -0.559028240 0.109872520 -1.524030116 -0.296480029 -0.254967754 0.920375487 31.211691704
0.206796556 -0.977065208 -0.050781523 -5.241384232 0.899788175 0.169545417 0.402039290 -0.281826570 -0.384208828 -0.128832955 0.914213129 37.168377227
0.206864036 -0.976973747 -0.052245267 -5.283133579 0.900329423 0.169192614 0.400974800 0.117754030 -0.382902339 -0.129985216 0.914598077 38.096710283
0.209736391 -0.976444271 -0.050667865 -5.294773417 0.901661705 0.173110275 0.396281469 0.501240178 -0.378175642 -0.128799918 0.916729930 39.054933130
0.209528054 -0.976331864 -0.053610506 -5.332948190 0.901791485 0.171755113 0.396575717 0.903547289 -0.377981630 -0.131439235 0.916435276 39.982478290
0.254149143 -0.966322169 -0.040369277 -5.259092326 0.887371447 0.216376315 0.407127996 1.731118445 -0.384681853 -0.139293774 0.912478557 40.820665071
0.254058171 -0.966364904 -0.039916391 -5.284992670 0.887509214 0.216525926 0.406747980 2.132503021 -0.384424039 -0.138763813 0.912667937 41.739190115
0.049264170 -0.957194761 0.285221371 -14.720439626 0.916793938 0.156648158 0.367355726 3.534798057 -0.396310379 0.243391749 0.885267497 45.566468056
0.051454954 -0.956418988 0.287428440 -14.427615496 0.916415776 0.159603799 0.367026911 3.887682122 -0.396906178 0.244518604 0.884689854 46.444915004
0.051161061 -0.956410504 0.287509121 -14.135761393 0.916843908 0.159119022 0.366167156 4.239597099 -0.395954284 0.244867485 0.885019841 47.319791077
0.010341345 -0.957237002 0.289120008 -14.239957030 0.910923439 0.128277392 0.392126765 3.832740518 -0.412445809 0.259311074 0.873296182 48.675635620
0.010713055 -0.957559887 0.288035229 -13.936648209 0.911467712 0.127814194 0.391011691 4.230880432 -0.411232101 0.258345881 0.874154199 49.547680838
0.013918720 -0.956523823 0.291321892 -13.633558599 0.911083570 0.132176127 0.390456400 4.600910515 -0.411986648 0.259983936 0.873312862 50.387551867
-0.067665350 -0.946409703 0.315800689 -13.512289355 0.901514786 0.077604326 0.425733084 4.449320067 -0.427425421 0.313506369 0.847951217 57.701584538
-0.066501815 -0.946069071 0.317065956 -13.193822469 0.901783078 0.079013926 0.424904790 4.862635497 -0.427041906 0.314181654 0.847894509 58.527558269
-0.072596935 -0.946942840 0.313095740 -12.798214461 0.900958789 0.072383677 0.427824572 5.372008418 -0.427788436 0.313145111 0.847901641 59.444746558
-0.074471137 -0.947759678 0.310170345 -12.479450317 0.901263309 0.069159789 0.427716462 5.789425911 -0.426823731 0.311397683 0.849030615 60.266360816
-0.067348354 -0.947023604 0.314023075 -12.132772207 0.901892195 0.076812228 0.425076876 6.185266571 -0.426678648 0.311843188 0.848940020 61.080610653
-0.070153121 -0.946397648 0.315293563 -11.816363117 0.902258907 0.074605254 0.424691560 6.597418203 -0.425449650 0.314269864 0.848661916 61.894219095
-0.037369647 -0.940241240 0.338452243 -13.138426452 0.891985063 0.121306896 0.435485114 6.080853941 -0.450517655 0.318168270 0.834147945 61.061806193
-0.038513327 -0.940590961 0.337350510 -12.804182525 0.892628940 0.119360250 0.434703010 6.492222491 -0.449143963 0.317870687 0.835001752 61.854463305
-0.112341429 -0.941486851 0.317776515 -11.680716903 0.902671721 0.036999860 0.428736254 6.739815988 -0.415407232 0.335012717 0.845696938 62.432594582
-0.113249612 -0.942923653 0.313160518 -11.366589074 0.902974257 0.033814618 0.428362070 7.147504943 -0.414502132 0.331287724 0.847606292 63.232344371
-0.111497431 -0.943464990 0.312157229 -11.063150514 0.902859277 0.035076860 0.428502904 7.538604047 -0.415226984 0.329611023 0.847905139 64.039672838
-0.109694191 -0.942377190 0.316057617 -10.751738053 0.903486442 0.038017073 0.426927336 7.936000235 -0.414342169 0.332385220 0.847254762 64.832886087
-0.091946519 -0.943996500 0.316885539 -10.248777472 0.910520976 0.049124259 0.410534236 8.651287157 -0.403109649 0.326278124 0.855011811 65.335265052
-0.089662825 -0.942633772 0.321562047 -9.945972365 0.910751989 0.053073013 0.409529084 9.021620291 -0.403102212 0.329582808 0.853746906 66.120771572
-0.084801070 -0.943343024 0.320800120 -9.640179286 0.910943743 0.057051560 0.408566540 9.387635543 -0.403720543 0.326877742 0.854494392 66.905019462
-0.082007170 -0.944288384 0.318738563 -9.336690586 0.911164708 0.058540884 0.407862526 9.748178495 -0.403799083 0.323870981 0.855601478 67.674348525
-0.079373966 -0.944970747 0.317379994 -9.042850432 0.911435595 0.060146450 0.407022801 10.093853842 -0.403713920 0.321578438 0.856505913 68.421181279
-0.078370607 -0.944944030 0.317708714 -8.755340892 0.911842684 0.060880095 0.406000658 10.440810736 -0.402990035 0.321518885 0.856869091 69.161010776
-0.051314392 -0.948322786 0.313130527 -9.077157509 0.913165801 0.082392756 0.399173714 10.397508723 -0.404345216 0.306423445 0.861748002 67.762258771
-0.050062372 -0.948550599 0.312642800 -8.797295529 0.913610879 0.082973673 0.398033329 10.725862174 -0.403495874 0.305560356 0.862452287 68.487431633
-0.049444037 -0.948740787 0.312163749 -8.526137984 0.914383295 0.082742263 0.396304059 11.057639527 -0.401818960 0.305032190 0.863421616 69.172148826
-0.048941966 -0.949063770 0.311259771 -8.259359808 0.914893751 0.082428579 0.395189769 11.377391629 -0.400716993 0.304110984 0.864258295 69.868404122
-0.050551455 -0.964434006 0.259444790 -6.063031787 0.926530572 0.051683466 0.372652543 12.896373402 -0.372807791 0.259221658 0.890964917 69.791797488
-0.049046370 -0.965528614 0.255634407 -5.843773174 0.926987132 0.051288737 0.371570078 13.187135229 -0.371872708 0.255193969 0.892517074 70.499113074
-0.025254172 -0.968967807 0.245893504 -5.486393465 0.941264943 0.059802991 0.332331024 13.020452194 -0.336723231 0.239843680 0.910545153 71.061554018
-0.021798745 -0.968033013 0.249873771 -5.284427724 0.941568508 0.064148014 0.330656584 13.262423749 -0.336115396 0.242481172 0.910071053 71.727730066
-0.424384630 -0.803502869 0.417469550 -13.571019098 0.902538572 -0.412509026 0.123533111 14.438272929 0.072950748 0.429207925 0.900254822 77.258418348
-0.424057286 -0.800856436 0.422852678 -13.262985419 0.902570357 -0.412107700 0.124635445 14.526891646 0.074445746 0.434506862 0.897586552 77.898946578
-0.423134633 -0.800758652 0.423960688 -12.956620244 0.903028848 -0.410986633 0.125015548 14.602205694 0.074134894 0.435747139 0.897010841 78.524339556
-0.420914188 -0.803245388 0.421459480 -12.653202795 0.904100137 -0.409248672 0.122957174 14.677054487 0.073716950 0.432795992 0.898472838 79.132500452
-0.471326769 -0.775938834 0.419249333 -12.007573211 0.877966036 -0.457972217 0.139416958 13.793197623 0.083825515 0.433797619 0.897102507 80.471034159
-0.473162892 -0.773162578 0.422299071 -11.726352550 0.876765514 -0.460077742 0.140038228 13.887116009 0.086018086 0.436518155 0.895574000 81.040029143
-0.478916832 -0.767423371 0.426262873 -11.458517386 0.873311455 -0.465865978 0.142464005 13.989310121 0.089251163 0.440488660 0.893310679 81.590170374
-0.482305875 -0.763616864 0.429267199 -11.188446993 0.871428230 -0.468247764 0.146139901 14.069960552 0.089408513 0.444559688 0.891275940 82.132600440
-0.496390184 -0.757139697 0.424660176 -10.737959912 0.865417428 -0.470028442 0.173568253 13.514582871 0.068186946 0.453665894 0.888559394 82.770486065
-0.494580048 -0.760722847 0.420346673 -10.482623593 0.866887375 -0.466508765 0.175715256 13.609868075 0.062424797 0.451298484 0.890186960 83.282554406
-0.497876399 -0.761082522 0.415779372 -10.242414770 0.865222223 -0.468657015 0.178188402 13.717482513 0.059241841 0.448457353 0.891838779 83.784825844
0.221657442 -0.930331625 0.292149012 -4.656916178 0.881093540 0.319444308 0.348754222 12.516399262 -0.417782421 0.180106639 0.890516394 83.697851643
0.214911788 -0.932405445 0.290573586 -4.485291952 0.879748709 0.314022469 0.356976326 12.710148603 -0.424093305 0.178913316 0.887769617 84.159397877
0.408787916 -0.817836977 0.405012492 -7.844535389 0.680739768 0.568830271 0.461546846 11.307966063 -0.607853443 0.087033337 0.789265095 84.383495680
0.406914320 -0.815548779 0.411461937 -7.631434804 0.670671580 0.572549964 0.471578381 11.536821187 -0.620177690 0.084063831 0.779944168 84.776891246
0.447415128 -0.791242309 0.416839671 -7.376518243 0.625060182 0.610013447 0.487014746 11.608859866 -0.639624477 0.042652115 0.767503307 84.867976323
0.436838767 -0.791634924 0.427183846 -7.158472043 0.615225851 0.609384082 0.500148171 11.850581564 -0.656253795 0.044330434 0.753236861 85.216038695
0.452837851 -0.778238720 0.435065943 -7.308239665 0.574858022 0.627844520 0.524737566 12.002491402 -0.681524860 0.012480116 0.731688535 85.589979022
0.324253185 -0.841999658 0.431157104 -5.281376541 0.656273147 0.528487642 0.538522393 12.608337789 -0.681296872 0.108339228 0.723945567 86.764798959
0.339206208 -0.832664104 0.437732382 -5.262269389 0.624253899 0.547343739 0.557424345 12.835082061 -0.703737322 0.084174348 0.705456208 86.649665538
0.314145956 -0.836652656 0.448692157 -5.180894820 0.600150578 0.541214782 0.588987133 12.772303315 -0.735616477 0.084254932 0.672138010 86.867225847
