1.000000000 0.000000000 0.000000000 0.000000000 0.000000000 1.000000000 0.000000000 0.000000000 0.000000000 0.000000000 1.000000000 0.000000000
0.999990311 -0.002530139 -0.003602189 0.001584015 0.002521134 0.999993691 -0.002502395 -0.000256165 0.003608498 0.002493289 0.999990381 0.680379231
0.999971325 -0.001283460 -0.007463381 -0.013708038 0.001255779 0.999992320 -0.003712480 -0.009788811 0.007468088 0.003703001 0.999965257 1.362433237
0.999935429 -0.001463952 -0.011269158 -0.032875234 0.001407281 0.999986334 -0.005035106 -0.016579822 0.011276375 0.005018922 0.999923824 2.069752953
0.999867701 0.000089594 -0.016265663 -0.047190304 -0.000188646 0.999981449 -0.006088232 -0.014956777 0.016264816 0.006090495 0.999849169 2.812243600
0.999784393 -0.001085481 -0.020736200 -0.065218427 0.000955162 0.999979740 -0.006293472 -0.025640379 0.020742611 0.006272309 0.999765174 3.552043254
0.999678801 0.000963130 -0.025325233 -0.090549599 -0.001160832 0.999968960 -0.007792999 -0.032789649 0.025316941 0.007819894 0.999648889 4.305798052
0.999617709 0.007787922 -0.026528934 -0.219376307 -0.008063361 0.999914530 -0.010291504 0.003491724 0.026446518 0.010501482 0.999595068 4.914308078
0.999475728 0.008288196 -0.031298151 -0.238407055 -0.008560078 0.999926699 -0.008562853 -0.011297191 0.031224886 0.008826278 0.999473413 5.705037288
0.999326182 0.008228043 -0.035769848 -0.227338317 -0.008451107 0.999945748 -0.006089371 -0.033609624 0.035717804 0.006387562 0.999341502 6.431380033
0.999175959 0.007799973 -0.039831696 -0.251802336 -0.007937848 0.999963035 -0.003304472 -0.048661183 0.039804449 0.003617927 0.999200939 7.255798910
0.998944584 0.009538170 -0.044930406 -0.244758103 -0.009699887 0.999947234 -0.003382646 -0.071951297 0.044895771 0.003814896 0.998984392 8.117515270
0.998766618 0.014291957 -0.047549783 -0.268542131 -0.014571414 0.999878508 -0.005535694 -0.106455839 0.047464890 0.006221734 0.998853530 9.039135380
0.998706859 0.011194143 -0.049591332 -0.304736997 -0.011517560 0.999914196 -0.006240678 -0.114397769 0.049517218 0.006803779 0.998750096 9.876809667
0.998586679 0.011338972 -0.051923713 -0.343122625 -0.011641725 0.999916930 -0.005531985 -0.124779984 0.051856673 0.006128649 0.998635732 10.728540719
0.998271372 -0.001049682 -0.058763652 -0.203388098 0.000682651 0.999980138 -0.006265601 -0.036257192 0.058769062 0.006214655 0.998252260 11.508797998
0.998148198 0.002760183 -0.060766402 -0.258537704 -0.003308585 0.999954689 -0.008926000 -0.057480922 0.060739011 0.009110522 0.998112103 12.368550785
0.998074868 0.003711683 -0.061909457 -0.322711652 -0.004423504 0.999925636 -0.011364670 -0.081641098 0.061862671 0.011616648 0.998017066 13.234775706
0.999089655 -0.006073893 -0.042225214 -1.291565417 0.006056725 0.999981515 -0.000534492 -0.367260709 0.042227680 0.000278259 0.999107975 14.906744100
0.999019069 -0.004277368 -0.044074977 -1.315302480 0.004283845 0.999990823 0.000052508 -0.385041305 0.044074348 -0.000241267 0.999028225 15.781589605
0.999587087 -0.022604862 -0.017739118 -2.387090196 0.022517313 0.999733344 -0.005119728 -0.257430044 0.017850119 0.004718176 0.999829542 17.419747179
0.999586583 -0.020694693 -0.019959784 -2.379684567 0.020629051 0.999781110 -0.003489057 -0.283365492 0.020027620 0.003075863 0.999794696 18.293645645
0.999533282 -0.016665001 -0.025602639 -2.238324137 0.016705511 0.999859516 0.001369147 -0.379062033 0.025576225 -0.001796213 0.999671261 19.084543289
0.999496058 -0.015505398 -0.027698613 -2.263117277 0.015514747 0.999879632 0.000122607 -0.393484678 0.027693378 -0.000552282 0.999616312 19.997507167
0.998940749 -0.039416249 -0.023743174 -2.442731049 0.039460571 0.999220146 0.001400910 -0.404466735 0.023669439 -0.002336345 0.999717110 20.936771124
0.998895566 -0.039844943 -0.024900366 -2.464197631 0.039936648 0.999197102 0.003196287 -0.408695182 0.024753018 -0.004187194 0.999684828 21.874344170
0.996075265 -0.046674220 0.075203619 -4.155763477 0.048329325 0.998624337 -0.020339881 -0.053760004 -0.074150816 0.023894593 0.996960734 23.277676490
0.996017958 -0.046509271 0.076059945 -4.100114711 0.047902660 0.998714093 -0.016598039 -0.080254337 -0.075190177 0.020175419 0.996965090 24.231613737
0.996477394 -0.036392655 0.075553814 -3.941546733 0.037801427 0.999135509 -0.017299906 -0.110427879 -0.074858908 0.020095008 0.996991642 25.168952632
0.996413694 -0.035348183 0.076878195 -3.863025715 0.036723690 0.999188370 -0.016552079 -0.144359821 -0.076230713 0.019315969 0.996903090 26.089924791
0.996412574 -0.034573002 0.077244355 -3.744491336 0.036133935 0.999168183 -0.018901882 -0.185562906 -0.076526607 0.021625216 0.996832999 26.928457718
0.995866126 -0.036570044 0.083146208 -3.831478071 0.039103699 0.998812786 -0.029050296 -0.044144974 -0.081985125 0.032181530 0.996113843 27.919086315
0.995749005 -0.036747938 0.084460098 -3.753541548 0.039580298 0.998700387 -0.032108205 -0.079077437 -0.083170422 0.035314669 0.995909411 28.865370997
0.995616917 -0.038936127 0.085034889 -3.668076410 0.041720302 0.998641658 -0.031213064 -0.116689850 -0.083704067 0.034623936 0.995888956 29.814017625
0.994094861 -0.064485029 0.087275930 -3.471613789 0.067316882 0.997283539 -0.029899519 -0.263197808 -0.085110777 0.035598102 0.995735372 30.935438705
0.993921593 -0.069070504 0.085727078 -3.371100262 0.071558843 0.997089656 -0.026297339 -0.306383354 -0.083661213 0.032272024 0.995971545 31.899873274
0.993521367 -0.075895822 0.084587931 -3.275068916 0.078429414 0.996552944 -0.027038067 -0.349764376 -0.082244275 0.033497079 0.996049108 32.866481822
0.994455971 -0.071745095 0.076876286 -3.155907649 0.074292006 0.996760931 -0.030795214 -0.448601300 -0.074417873 0.036335778 0.996564946 33.950715798
0.994648371 -0.070513574 0.075514590 -3.080300614 0.073297308 0.996704677 -0.034746110 -0.496107247 -0.072815672 0.040095177 0.996539139 34.926155251
0.996299044 -0.044971275 0.073251622 -3.010858875 0.048188466 0.997922549 -0.042760468 -0.683205308 -0.071176452 0.046132097 0.996396378 36.063339620
0.996358485 -0.045267806 0.072253688 -2.939956788 0.048334681 0.997977950 -0.041276754 -0.737626754 -0.070239080 0.044618803 0.996531803 37.057683181
0.996144180 -0.047200361 0.073952007 -3.035602664 0.050011547 0.998076558 -0.036633719 -0.856080896 -0.072080640 0.040190920 0.996588717 38.063527389
0.996282066 -0.047072324 0.072154284 -2.952924008 0.049696891 0.998150184 -0.035020415 -0.917023885 -0.070372319 0.038476055 0.996778476 39.070254585
0.996950118 -0.015693519 0.076447207 -2.933536809 0.018117546 0.999351476 -0.031118834 -0.924234651 -0.075909265 0.032408961 0.996587900 40.035290670
0.996981395 -0.016244682 0.075922390 -2.844276871 0.018397569 0.999445759 -0.027743533 -0.975838669 -0.075429626 0.029056573 0.996727690 41.045437030
0.998215410 0.018356740 0.056824508 -2.206317048 -0.018554133 0.999823511 0.002948053 -1.929349546 -0.056760362 -0.003997121 0.998379830 41.488456339
0.998251882 0.018990949 0.055968950 -2.139059076 -0.019113809 0.999815935 0.001660602 -1.934004870 -0.055927112 -0.002727479 0.998431129 42.503835082
0.998252966 0.018320297 0.056172798 -2.120669405 -0.018332252 0.999831904 -0.000302502 -1.955157026 -0.056168897 -0.000727800 0.998421016 43.433322695
0.998166705 0.021304159 0.056651222 -2.082184627 -0.021177436 0.999771710 -0.002836370 -1.966723695 -0.056698716 0.001631443 0.998390001 44.411460646
0.998268557 0.021250679 0.054847934 -2.015321651 -0.021131049 0.999772904 -0.002760193 -1.986703318 -0.054894134 0.001596420 0.998490904 45.416389608
0.995237443 0.081179967 -0.053965230 1.506950616 -0.075510973 0.992130572 0.099875030 -4.716960856 0.061648406 -0.095324403 0.993535471 46.650213749
0.995211797 0.080671352 -0.055187067 1.458373338 -0.074798648 0.992042847 0.101272664 -4.629192929 0.062917738 -0.096659832 0.993326852 47.648675253
0.994881432 0.084215014 -0.055845932 1.401603163 -0.078512613 0.992138657 0.097450779 -4.553248451 0.063613726 -0.092567361 0.993672269 48.623299435
0.994960585 0.084637300 -0.053758368 1.232180129 -0.079420210 0.992520138 0.092715725 -4.414096125 0.061203471 -0.087978991 0.994240329 49.634134659
0.994764291 0.086291062 -0.054752706 1.181475833 -0.081070236 0.992516899 0.091311675 -4.338231169 0.062222368 -0.086394779 0.994316006 50.604743144
0.991436350 0.123641508 -0.042032623 0.832626214 -0.119758832 0.989165937 0.084903309 -4.419204216 0.052074812 -0.079142449 0.995502228 51.355579320
0.991750072 0.121031454 -0.042227746 0.796392106 -0.116957470 0.989197892 0.088365605 -4.350280505 0.052466615 -0.082697745 0.995192613 52.329320159
0.998500209 0.016544543 -0.052188228 0.329709896 -0.012733280 0.997284634 0.072534289 -4.362284352 0.053246564 -0.071760976 0.995999581 50.741421722
0.998514460 0.013411412 -0.052811043 0.291265102 -0.009645017 0.997434094 0.070938017 -4.301156714 0.053626914 -0.070323273 0.996081719 51.700004662
0.998702887 0.023549278 -0.045143940 -0.346861786 -0.020180134 0.997077272 0.073686336 -4.252037859 0.046747257 -0.072679746 0.996259177 51.959054689
0.998670980 0.022114352 -0.046553519 -0.381634056 -0.018570942 0.996994237 0.075217097 -4.200642018 0.048076967 -0.074252590 0.996079895 52.910534069
0.999226820 0.005138955 -0.038978895 -0.837114815 -0.001879334 0.996530667 0.083205157 -4.290509136 0.039271252 -0.083067570 0.995769827 53.825054209
0.999189885 0.004498290 -0.039991741 -0.860533156 -0.000935231 0.996060558 0.088670683 -4.237218886 0.040233062 -0.088561448 0.995257841 54.773706017
0.998902317 0.017484717 -0.043456240 -0.789709546 -0.013968801 0.996702351 0.079933075 -3.902585540 0.044710543 -0.079238303 0.995852529 55.761114309
0.998796543 0.018770815 -0.045311385 -0.831204769 -0.015291035 0.996993780 0.075957797 -3.846078785 0.046600959 -0.075173527 0.996080966 56.698910900
0.998909614 0.031023144 -0.034887638 -1.192905872 -0.028846744 0.997705847 0.061244665 -3.581066699 0.036707603 -0.060171490 0.997512879 57.076976809
0.998793479 0.033514923 -0.035893410 -1.233250136 -0.031456181 0.997909084 0.056462096 -3.542499393 0.037710683 -0.055264903 0.997759337 57.993259766
0.998583117 0.038382627 -0.036858261 -1.277898141 -0.036226330 0.997688714 0.057488119 -3.501802096 0.038979616 -0.056071426 0.997665568 58.910497312
0.998489453 0.040267050 -0.037381508 -1.336391007 -0.037991571 0.997492762 0.059706204 -3.456256465 0.039691976 -0.058195833 0.997515810 59.787868524
0.998308675 0.043353853 -0.038732831 -1.371588148 -0.040914546 0.997256209 0.061693219 -3.429023576 0.041301194 -0.060004139 0.997343328 60.652570791
0.998208811 0.044150983 -0.040371540 -1.383717596 -0.041639606 0.997264986 0.061063013 -3.382285857 0.042957115 -0.059272583 0.997317125 61.564450859
0.998105648 0.044946884 -0.042010642 -1.397352117 -0.042365687 0.997272723 0.060433971 -3.336140614 0.044612386 -0.058539678 0.997287742 62.476339840
0.997999187 0.045741553 -0.043650131 -1.412492138 -0.043092786 0.997279421 0.059806094 -3.290586798 0.046267001 -0.057805427 0.997255182 63.388234805
0.997889428 0.046534987 -0.045290000 -1.429138079 -0.043820901 0.997285079 0.059179384 -3.245623363 0.047920953 -0.057069833 0.997219442 64.300132826
0.997776373 0.047327183 -0.046930244 -1.447290355 -0.044550029 0.997289698 0.058553845 -3.201249256 0.049574237 -0.056332900 0.997180525 65.212030973
0.997660021 0.048118139 -0.048570856 -1.466949374 -0.045280166 0.997293278 0.057929479 -3.157463425 0.051226847 -0.055594629 0.997138429 66.123926318
0.997540372 0.048907850 -0.050211830 -1.488115541 -0.046011312 0.997295818 0.057306287 -3.114264814 0.052878776 -0.054855023 0.997093156 67.035815934
0.997417428 0.049696315 -0.051853160 -1.510789253 -0.046743462 0.997297319 0.056684273 -3.071652366 0.054530017 -0.054114085 0.997044705 67.947696891
0.991215344 0.125700331 0.041128683 -2.703965332 -0.128130477 0.989751718 0.063040595 -3.799418937 -0.032782961 -0.067756643 0.997163134 57.422778994
0.991215344 0.125700331 0.041128683 -2.703965332 -0.128130477 0.989751718 0.063040595 -3.799418937 -0.032782961 -0.067756643 0.997163134 57.422778994
0.991215344 0.125700331 0.041128683 -2.703965332 -0.128130477 0.989751718 0.063040595 -3.799418937 -0.032782961 -0.067756643 0.997163134 57.422778994
0.997473528 0.039222733 -0.059229533 0.533548289 -0.034702849 0.996541644 0.075501412 -3.832057573 0.061986068 -0.073255226 0.995385051 59.431104693
0.997946719 -0.014246873 -0.062444953 -0.249622256 0.018873081 0.997069794 0.074132531 -3.588867247 0.061205820 -0.075158844 0.995291412 54.680212927
0.997625026 -0.042926382 -0.053866819 -0.592568341 0.047527975 0.995049863 0.087274634 -4.339423159 0.049853787 -0.089627540 0.994726849 55.893889876
0.997409254 -0.045938233 -0.055357561 -0.608089267 0.050481563 0.995212977 0.083682388 -4.293183100 0.051248342 -0.086260124 0.994953666 56.537554902
0.997036592 -0.053783455 -0.055003407 -0.637102759 0.058006287 0.995240663 0.078302577 -4.248626013 0.050530244 -0.081261078 0.995411137 57.164796385
0.996966333 -0.057478633 -0.052481779 -0.697977007 0.061278041 0.995380324 0.073912193 -4.216253099 0.047990959 -0.076903948 0.995882850 57.775247077
0.997267837 -0.057765768 -0.046043210 -0.763890485 0.061015282 0.995492296 0.072610086 -4.160701474 0.041641283 -0.075221043 0.996297043 58.384451321
0.997715635 -0.053025588 -0.041854488 -0.805999592 0.056101415 0.995520550 0.076101675 -4.131751885 0.037631667 -0.078275927 0.996221229 58.953698469
0.997796477 -0.054652258 -0.037620749 -0.818579423 0.057493534 0.995205648 0.079121496 -4.089899027 0.033116213 -0.081110099 0.996154841 59.518778781
0.997243177 -0.067193621 -0.031481164 -0.808253574 0.069646559 0.993970460 0.084688146 -3.987942853 0.025600843 -0.086647231 0.995910063 60.251010597
0.997139980 -0.071831290 -0.023497370 -0.812658140 0.073651844 0.993307058 0.088974686 -3.959474781 0.016948937 -0.090450841 0.995756687 60.776917082
0.998088392 -0.061033408 -0.009720339 -0.944167999 0.061644907 0.994379590 0.086076340 -3.837016139 0.004412175 -0.086511005 0.996241125 61.210339730
0.998429639 -0.055730558 0.005688670 -0.951407196 0.055031578 0.994733470 0.086468776 -3.801401442 -0.010477663 -0.086019933 0.996238320 61.709543763
0.998621917 -0.048716176 0.019519228 -0.366573190 0.046624211 0.994272260 0.096170974 -4.129170417 -0.024092509 -0.095128374 0.995173424 60.912134300
0.997876753 -0.050222834 0.041468695 -0.334413928 0.045969488 0.994141294 0.097825836 -4.085209420 -0.046138833 -0.095711832 0.994339204 61.386731230
0.986275134 -0.157126940 0.050719673 -0.100514903 0.147934341 0.977373987 0.151180422 -4.537576294 -0.073326606 -0.141602309 0.987204130 62.441192349
0.988169208 -0.129625017 0.081969334 -0.126147727 0.114591840 0.979252894 0.167130129 -4.991045970 -0.101932954 -0.155759831 0.982521526 63.387950934
0.983471206 -0.138360774 0.116793333 -0.254265963 0.110874635 0.970151103 0.215670242 -6.119693780 -0.143147482 -0.199156055 0.969456376 64.285649946
0.977350484 -0.146973612 0.152265523 -0.146467319 0.111416584 0.969063599 0.220231893 -5.994030395 -0.179923253 -0.198278843 0.963490074 64.705436207
