1.000000000 0.000000000 0.000000000 0.000000000 0.000000000 1.000000000 0.000000000 0.000000000 0.000000000 0.000000000 1.000000000 0.000000000
0.999990806 -0.002654440 -0.003367658 -0.002945995 0.002647014 0.999994060 -0.002207496 -0.004444160 0.003373498 0.002198561 0.999991893 0.676533668
0.999972508 -0.001311623 -0.007298075 -0.017103691 0.001284578 0.999992296 -0.003709195 -0.009347123 0.007302884 0.003699718 0.999966489 1.362437049
0.999935439 -0.001254038 -0.011293574 -0.029428924 0.001195496 0.999985823 -0.005188940 -0.013930198 0.011299921 0.005175104 0.999922762 2.071886945
0.999867935 0.000070379 -0.016251373 -0.047531636 -0.000169146 0.999981526 -0.006076164 -0.015108573 0.016250645 0.006078111 0.999849475 2.811935589
0.999787124 -0.001106288 -0.020602958 -0.067161678 0.000979191 0.999980437 -0.006177906 -0.026809637 0.020609390 0.006156417 0.999768649 3.548660824
0.999684465 0.000722477 -0.025108751 -0.094103480 -0.000914650 0.999970374 -0.007642983 -0.032540583 0.025102485 0.007663538 0.999655508 4.302138951
0.999463499 0.011742465 -0.030574967 -0.101141699 -0.012076936 0.999868985 -0.010777781 -0.001577577 0.030444404 0.011141250 0.999474367 5.048249815
0.999313383 0.012249697 -0.034967224 -0.131052876 -0.012577860 0.999878752 -0.009180368 -0.013314225 0.034850527 0.009613877 0.999346293 5.832999155
0.999027810 0.004847179 -0.043817118 -0.026291755 -0.005044460 0.999977628 -0.004392919 -0.094558931 0.043794844 0.004609682 0.999029911 6.579084046
0.998853984 0.004623843 -0.047637573 -0.061227751 -0.004719235 0.999987078 -0.001890171 -0.104403745 0.047628218 0.002112818 0.998862898 7.398174217
0.998697929 0.006057667 -0.050653244 -0.099046919 -0.006185883 0.999978047 -0.002374857 -0.118348702 0.050637746 0.002685100 0.998713477 8.220631271
0.998496402 0.001493977 -0.054796931 -0.169944217 -0.001606875 0.999996676 -0.002016295 -0.039168835 0.054793736 0.002101315 0.998495484 8.703317996
0.998384137 -0.001644616 -0.056801503 -0.212708431 0.001492744 0.999995197 -0.002716048 -0.044306946 0.056805697 0.002626869 0.998381797 9.540090245
0.998268865 -0.001365771 -0.058799728 -0.263264877 0.001244971 0.999997039 -0.002091009 -0.051510504 0.058802410 0.002014185 0.998267609 10.387794423
0.998038765 -0.010424768 -0.061724782 -0.242959213 0.010386443 0.999945616 -0.000941737 -0.040204171 0.061731242 0.000298789 0.998092763 11.135374946
0.995919519 0.063744561 -0.063882258 0.176357217 -0.065302788 0.997609391 -0.022606402 0.063017915 0.062288506 0.026685847 0.997701362 11.087606258
0.995797199 0.063612986 -0.065888746 0.125885845 -0.065366385 0.997552992 -0.024804526 0.032945515 0.064149626 0.029007186 0.997518626 11.941659298
0.995299309 0.069340492 -0.067610519 0.052134364 -0.071270529 0.997103289 -0.026562068 -0.002092479 0.065572844 0.031255846 0.997358147 12.817162368
-0.481504611 -0.412966025 0.773053926 5.575337312 -0.026240064 0.888432171 0.458257282 3.334289362 -0.876050666 0.200368010 -0.438620441 1.583346893
-0.480748567 -0.413838129 0.773058095 6.272147991 -0.025266978 0.887794283 0.459546396 3.730906678 -0.876494378 0.201393430 -0.437262268 1.197873103
-0.479004540 -0.415407663 0.773298858 6.966739480 -0.025437095 0.887137348 0.460803950 4.131781760 -0.877443790 0.201056707 -0.435509581 0.804356382
-0.475759376 -0.416959827 0.774465957 7.592811628 -0.026230970 0.886833974 0.461343081 4.477674997 -0.879184254 0.199173303 -0.432856839 0.372293556
-0.474003544 -0.416505887 0.775785722 8.302225036 -0.025697700 0.887219414 0.460631458 4.883813396 -0.880147867 0.198405035 -0.431248390 -0.022873416
-0.474063015 -0.414274310 0.776943404 8.991968026 -0.022181401 0.887736983 0.459816304 5.301506005 -0.880211476 0.200748211 -0.430032456 -0.416570951
-0.473726050 -0.415404577 0.776545342 9.725019336 -0.021967547 0.887063719 0.461124046 5.728265727 -0.880398238 0.201387676 -0.429350611 -0.809060934
-0.473120955 -0.418739575 0.775121752 10.447903900 -0.023431087 0.885492465 0.464062580 6.144442816 -0.880685839 0.201395785 -0.428756564 -1.202583570
-0.473700862 -0.421659635 0.773182155 11.199138459 -0.024221725 0.883837549 0.467166454 6.584790242 -0.880352657 0.202569346 -0.428887933 -1.599122990
-0.476412654 -0.422662278 0.770965357 11.877894447 -0.022309989 0.882401461 0.469968005 6.999589623 -0.878938705 0.206698476 -0.429816813 -1.968870413
-0.477074581 -0.423606683 0.770037156 12.591367119 -0.023488039 0.882006956 0.470650658 7.418179446 -0.878548892 0.206448803 -0.430732790 -2.378542437
-0.476957390 -0.422189205 0.770887751 13.233182318 -0.024577694 0.883142373 0.468460762 7.788871405 -0.878582714 0.204489179 -0.431597718 -2.793833021
-0.455024284 -0.418251232 0.786141722 13.799250131 -0.018165307 0.887006233 0.461400004 8.326883895 -0.890293728 0.195667701 -0.411207038 -3.481398941
-0.455891569 -0.415837536 0.786919323 14.540848794 -0.018347175 0.888346814 0.458806408 8.750645559 -0.889846199 0.194728226 -0.412619267 -3.877403171
-0.457926272 -0.414820229 0.786274575 15.299943709 -0.015316894 0.888008391 0.459572072 9.197930776 -0.888858213 0.198406841 -0.412996130 -4.273137297
-0.459810605 -0.415110721 0.785020571 15.968365862 -0.009885929 0.886353323 0.462903936 9.641316207 -0.887961979 0.205087481 -0.411658413 -4.677830407
-0.460672431 -0.416023636 0.784031406 16.737944760 -0.006170395 0.884825550 0.465881607 10.081301202 -0.887548780 0.209781029 -0.410181767 -5.085269702
-0.462615281 -0.412330799 0.784837826 17.492859244 0.000485668 0.885144804 0.465315419 10.513046684 -0.886559003 0.215643194 -0.409281257 -5.496112749
-0.462241431 -0.408224946 0.787200898 18.270679526 0.003741736 0.886827191 0.462086067 10.967588010 -0.886746220 0.216540823 -0.408400799 -5.894702635
-0.460955556 -0.405581347 0.789318533 19.048760217 0.003521766 0.888606880 0.458656091 11.402888731 -0.887416234 0.214199869 -0.408179916 -6.281900228
-0.477005731 -0.392164424 0.786557434 19.960975632 0.035096974 0.885720633 0.462890011 12.067935985 -0.878199143 0.248406974 -0.408730034 -6.735445332
-0.476387341 -0.393220314 0.786405040 20.750822024 0.035404301 0.885114577 0.464024483 12.521805951 -0.878522417 0.248897510 -0.407735689 -7.139646855
-0.487290494 -0.379475281 0.786477263 22.390178526 0.024942336 0.894226930 0.446918424 13.831838484 -0.872883643 0.237395679 -0.426283282 -7.211568125
-0.486296952 -0.380549598 0.786573123 23.189863286 0.025359835 0.893655928 0.448035669 14.268635639 -0.873425528 0.237825745 -0.424931479 -7.634459234
-0.483641934 -0.386720905 0.785198969 23.827411352 0.012126559 0.894050886 0.447801250 14.563708133 -0.875181939 0.226097224 -0.427710905 -7.874893867
-0.483807263 -0.388915452 0.784012311 24.623152801 0.012229087 0.892743655 0.450398952 15.003009178 -0.875089128 0.227494039 -0.427159783 -8.303754128
-0.478239169 -0.406888698 0.778285863 25.264510717 -0.008355659 0.888266547 0.459252354 15.041674356 -0.878189888 0.213129373 -0.428203679 -8.477147561
-0.478143505 -0.406316051 0.778643728 26.049764698 -0.008254281 0.888593237 0.458621768 15.487933526 -0.878242937 0.212859876 -0.428228932 -8.902254072
-0.483377079 -0.405374309 0.775898362 27.073555340 -0.000392457 0.886423665 0.462874641 16.014564063 -0.875412157 0.223438485 -0.428635974 -9.396077563
-0.482532484 -0.404795761 0.776725687 27.849282157 -0.002785476 0.887501312 0.460796769 16.459554963 -0.875873645 0.220185859 -0.429375762 -9.810440976
-0.481928882 -0.404725630 0.777136872 28.627737757 -0.001716464 0.887363961 0.461066432 16.901968310 -0.876208654 0.220867303 -0.428341019 -10.237647526
-0.481550682 -0.407484218 0.775928832 29.522130460 -0.005485085 0.886724705 0.462265303 17.331042811 -0.876401081 0.218348137 -0.429237972 -10.642870760
-0.480763192 -0.408208017 0.776036705 30.301224901 -0.004811619 0.886242241 0.463197084 17.784074147 -0.876837272 0.218954116 -0.428036790 -11.077498266
-0.479475735 -0.406990233 0.777471524 31.073767436 -0.007110082 0.887724361 0.460320438 18.216566804 -0.877526334 0.215184594 -0.428536024 -11.499130420
-0.476532109 -0.407570932 0.778975664 31.845675819 -0.013113954 0.889245073 0.457243069 18.609135873 -0.879059255 0.207675553 -0.429098696 -11.912130190
-0.475502548 -0.407206886 0.779794767 32.609487002 -0.013945753 0.889795975 0.456145414 19.042159713 -0.879603799 0.206023481 -0.428779061 -12.331120576
-0.499916090 -0.416113455 0.759561383 34.402747790 -0.047060202 0.888772478 0.455926331 19.728674126 -0.864794334 0.192179797 -0.463894045 -12.150889105
-0.500696875 -0.417406121 0.758336844 35.153052158 -0.045313613 0.887496960 0.458580224 20.160479955 -0.864435836 0.195246703 -0.463281134 -12.598757444
-0.530972925 -0.410483441 0.741330626 37.352843321 0.044921018 0.859976204 0.508353253 19.792035112 -0.846197291 0.303223140 -0.438184747 -14.392048969
-0.531823929 -0.408410432 0.741865370 38.068575456 0.046759319 0.860526049 0.507255838 20.254437448 -0.845563052 0.304459912 -0.438551351 -14.815468895
-0.534538740 -0.404933683 0.741820091 38.756150618 0.022540285 0.870601183 0.491472802 20.892499707 -0.844843341 0.279432089 -0.456242739 -15.004007054
-0.534368255 -0.405001317 0.741905992 39.469423418 0.024374689 0.869985166 0.492475060 21.350063047 -0.844900256 0.281246767 -0.455020674 -15.440938591
-0.541060239 -0.396699237 0.741541323 39.943038128 0.054360699 0.863413074 0.501560344 21.451277196 -0.839225079 0.311685064 -0.445593636 -15.877795052
-0.540991677 -0.399862723 0.739890403 40.651049081 0.055181359 0.860973534 0.505647695 21.913747327 -0.839215719 0.314379352 -0.443714547 -16.304934093
-0.547153618 -0.398796363 0.735924167 41.290686029 0.055989922 0.859799770 0.507552444 22.250369961 -0.835157498 0.318913493 -0.448113978 -16.462979451
-0.545382529 -0.397036084 0.738187134 41.996375148 0.055103181 0.861806133 0.504235887 22.703626827 -0.836374041 0.315677902 -0.448136057 -16.883854568
-0.544635641 -0.387759329 0.743649596 42.666858288 0.066988625 0.863751737 0.499445153 23.154832357 -0.835993147 0.321831695 -0.444454516 -17.260430598
-0.543111992 -0.385589353 0.745888876 43.361970520 0.065298532 0.866236008 0.495349655 23.597801686 -0.837117355 0.317735786 -0.445284745 -17.667559927
-0.540521815 -0.388819401 0.746093587 44.058570824 0.061623851 0.866123639 0.496016474 24.045203415 -0.839070121 0.314084885 -0.444198173 -18.069266801
-0.539080164 -0.391765523 0.745595301 44.730963932 0.060166435 0.865063898 0.498040614 24.470744904 -0.840102718 0.313343626 -0.442767653 -18.448154281
-0.537323263 -0.394236176 0.745561230 45.388404170 0.058409979 0.864501424 0.499224961 24.886267127 -0.841351285 0.311793401 -0.441489400 -18.823303170
-0.536671373 -0.393767243 0.746278229 46.059342749 0.057871267 0.865175228 0.498119203 25.331938067 -0.841804463 0.310514383 -0.441526969 -19.189260505
-0.536019590 -0.393296852 0.746994368 46.730901158 0.057331511 0.865847183 0.497012830 25.776650021 -0.842256551 0.309234929 -0.441562749 -19.555247550
-0.535367914 -0.392825002 0.747709646 47.403078649 0.056790714 0.866517288 0.495905842 26.220402458 -0.842707548 0.307955041 -0.441596741 -19.921262753
-0.534716348 -0.392351696 0.748424060 48.075874474 0.056248876 0.867185540 0.494798245 26.663194852 -0.843157453 0.306674723 -0.441628943 -20.287304567
-0.534064893 -0.391876934 0.749137610 48.749287882 0.055706000 0.867851939 0.493690039 27.105026677 -0.843606266 0.305393977 -0.441659357 -20.653371439
-0.533413551 -0.391400718 0.749850293 49.423318120 0.055162085 0.868516481 0.492581228 27.545897413 -0.844053984 0.304112808 -0.441687981 -21.019461821
-0.532762324 -0.390923048 0.750562107 50.097964435 0.054617134 0.869179167 0.491471814 27.985806537 -0.844500607 0.302831217 -0.441714816 -21.385574162
-0.532111212 -0.390443927 0.751273051 50.773226072 0.054071147 0.869839994 0.490361801 28.424753534 -0.844946134 0.301549208 -0.441739863 -21.751706912
-0.559609450 -0.445924938 0.698561531 43.875087845 -0.053182812 0.860488479 0.506686458 23.000288551 -0.827048277 0.246395063 -0.505253026 -16.277142699
-0.559609450 -0.445924938 0.698561531 43.875087845 -0.053182812 0.860488479 0.506686458 23.000288551 -0.827048277 0.246395063 -0.505253026 -16.277142699
-0.559609450 -0.445924938 0.698561531 43.875087845 -0.053182812 0.860488479 0.506686458 23.000288551 -0.827048277 0.246395063 -0.505253026 -16.277142699
-0.523056994 -0.401901749 0.751589227 43.497915923 0.073006804 0.857470101 0.509328020 24.119320918 -0.849165112 0.321278710 -0.419164172 -19.899495490
-0.541358877 -0.372372046 0.753836604 40.334468351 0.120398221 0.853007190 0.507821822 22.144446258 -0.832126694 0.365674437 -0.416950083 -16.844018481
-0.543191189 -0.360206885 0.758415673 41.009430140 0.156888799 0.843840760 0.513145862 22.231226050 -0.824820730 0.397723235 -0.401854440 -17.679236401
-0.543258641 -0.356042891 0.760331184 41.493219250 0.160001711 0.845120631 0.510069182 22.550539891 -0.824178076 0.398753781 -0.402151614 -17.949334375
-0.546420296 -0.348119831 0.761733184 41.989233279 0.166047212 0.846434714 0.505941299 22.858269452 -0.820885609 0.402940266 -0.404704780 -18.201769257
-0.548190273 -0.342743051 0.762898830 42.444662904 0.168668759 0.848124418 0.502230844 23.152530492 -0.819169258 0.403995263 -0.407123511 -18.463564906
-0.551640619 -0.340366645 0.761474343 42.901656460 0.168891507 0.848455134 0.501596995 23.459276550 -0.816803702 0.405307826 -0.410557279 -18.662451188
-0.553222531 -0.345363306 0.758069270 43.346988182 0.162936616 0.847572498 0.505047048 23.734733955 -0.816943383 0.402920648 -0.412623873 -18.894682074
-0.557229934 -0.346380868 0.754662239 43.773558616 0.162126001 0.845962935 0.507997905 24.023765018 -0.814377038 0.405422010 -0.415238526 -19.133200299
-0.569101919 -0.334230423 0.751274271 44.251621614 0.184088766 0.838681542 0.512566676 24.119703415 -0.801395241 0.430003833 -0.415767209 -19.465834650
-0.576714646 -0.334184954 0.745466722 44.642419862 0.183918817 0.835968156 0.517040725 24.380250627 -0.795973672 0.435290316 -0.420652177 -19.704885301
-0.594163053 -0.337204228 0.730248981 45.221492262 0.192021152 0.822164993 0.535884877 23.729970796 -0.781087795 0.458626245 -0.423749718 -19.743313542
-0.603461979 -0.340050391 0.721248481 45.589298661 0.179475643 0.823376888 0.538366970 23.991166970 -0.776931229 0.454330532 -0.435845883 -19.959653617
-0.636132384 -0.330875429 0.697034462 45.369969868 0.172722759 0.819393992 0.546589732 23.440238143 -0.751998962 0.468097145 -0.464093336 -19.397538044
-0.651814925 -0.330356945 0.682643093 45.689102849 0.161861001 0.818794081 0.550796941 23.702513536 -0.740903718 0.469510961 -0.480230296 -19.637485522
-0.716852754 -0.314049739 0.622490875 46.487968382 0.132362773 0.815278035 0.563739143 23.450412227 -0.684545269 0.486512576 -0.542865811 -18.179439943
-0.742034509 -0.301250954 0.598859458 47.030069822 0.125769147 0.814913051 0.565772781 23.789413890 -0.658457978 0.495140971 -0.566805531 -18.447559382
-0.758889795 -0.313853030 0.570598418 48.251919067 0.097199020 0.811795642 0.575795263 24.271218085 -0.643924397 0.492426756 -0.585557222 -18.965918044
-0.778577709 -0.329643927 0.533995911 48.842187627 0.076368046 0.794830266 0.602007284 23.968325234 -0.622884157 0.509489676 -0.593662865 -19.758542325
