1.000000000 0.000000000 0.000000000 0.000000000 0.000000000 1.000000000 0.000000000 0.000000000 0.000000000 0.000000000 1.000000000 0.000000000
0.999989730 -0.002746583 -0.003605043 -0.001459440 0.002738733 0.999993872 -0.002180623 -0.007272488 0.003611010 0.002170727 0.999991124 0.665944558
0.999970122 -0.001279514 -0.007623576 -0.014197894 0.001251693 0.999992545 -0.003652934 -0.012966645 0.007628193 0.003643283 0.999964268 1.350166081
0.999937020 -0.001312301 -0.011146044 -0.033100928 0.001250986 0.999984058 -0.005506281 -0.008636485 0.011153092 0.005491990 0.999922720 2.038600513
0.999873412 -0.000146100 -0.015910332 -0.056117457 0.000054276 0.999983343 -0.005771620 -0.017785248 0.015910910 0.005770026 0.999856765 2.793143945
0.999782512 -0.001177715 -0.020821645 -0.064761518 0.001056962 0.999982566 -0.005809465 -0.032617823 0.020828124 0.005786193 0.999766327 3.515541394
0.999696707 0.001039196 -0.024605164 -0.108261765 -0.001220094 0.999972331 -0.007338187 -0.039980325 0.024596857 0.007365982 0.999670314 4.278475327
0.999476110 -0.014650327 -0.028859537 -0.138691477 0.014443574 0.999868601 -0.007359609 -0.002079439 0.028963566 0.006938919 0.999556383 4.806327518
0.999327469 -0.014275715 -0.033775920 -0.162727777 0.014089108 0.999884174 -0.005756425 -0.013852159 0.033854185 0.005276681 0.999412853 5.592020214
0.998841922 -0.014128689 -0.045991252 0.090865161 0.013958952 0.999894529 -0.004009724 0.076763208 0.046043053 0.003363091 0.998933795 5.883764992
0.998628410 -0.014662015 -0.050262542 0.056442685 0.014620834 0.999892405 -0.001186914 0.063086799 0.050274537 0.000450405 0.998735334 6.698484377
0.998504005 -0.012987586 -0.053113780 0.008192161 0.012897647 0.999914750 -0.002035757 0.055512982 0.053135692 0.001347669 0.998586392 7.508534725
0.982942336 -0.174531722 -0.057991733 -3.112128226 0.176373862 0.983916584 0.028291622 0.568944898 0.052121242 -0.038037259 0.997916100 12.199793974
0.982268067 -0.177506655 -0.060339312 -3.156533303 0.179383846 0.983402467 0.027221754 0.587134196 0.054505786 -0.037562957 0.997806666 13.034813765
0.982012950 -0.178163908 -0.062515506 -3.207596914 0.180139142 0.983257162 0.027481677 0.609070618 0.056572576 -0.038248853 0.997665560 13.874524110
0.982094312 -0.176825841 -0.064987565 -3.109515501 0.179010936 0.983406161 0.029451794 0.588142650 0.058701334 -0.040557924 0.997451356 14.781121837
0.982393991 -0.174587926 -0.066491370 -3.173403845 0.176677686 0.983900562 0.026919863 0.600228781 0.060721013 -0.038193453 0.997423791 15.632146827
0.982424608 -0.174087279 -0.067346189 -3.239008008 0.176030352 0.984091230 0.024036775 0.616575970 0.062090297 -0.035469293 0.997440086 16.503122119
0.928720174 -0.363132552 -0.074923884 -3.959892960 0.370547028 0.916170178 0.152732133 1.864686703 0.013181018 -0.169608236 0.985423415 17.199699719
0.928813504 -0.362562427 -0.076511187 -4.022910153 0.370253776 0.916297804 0.152677688 1.990607141 0.014751839 -0.170137654 0.985309881 18.076170509
0.504628218 0.489496779 -0.711156287 -10.555629991 -0.540264464 0.821551816 0.182117878 4.033330151 0.673397854 0.292310650 0.679035944 12.647101720
0.503600208 0.490711719 -0.711047705 -11.205181888 -0.540017630 0.821231014 0.184283967 4.193660263 0.674364730 0.291172852 0.678565089 13.247602741
0.994374183 0.010554273 -0.105397303 -9.520312169 0.009807801 -0.999923034 -0.007598257 2.702739629 -0.105469385 0.006521795 -0.994401164 4.973253743
0.994192800 0.010665653 -0.107083708 -9.620136215 0.009994724 -0.999926929 -0.006800200 2.705573482 -0.107148412 0.005690437 -0.994226753 4.073971079
0.994000236 0.009206749 -0.108989752 -9.702916860 0.008584158 -0.999944057 -0.006180203 2.710831808 -0.109040554 0.005207538 -0.994023661 3.178310129
0.993933241 0.009416362 -0.109581223 -9.803942664 0.008581451 -0.999930467 -0.008088230 2.714299435 -0.109649765 0.007098795 -0.993944936 2.272579616
0.993917907 0.010425757 -0.109628913 -9.921777816 0.009231154 -0.999892422 -0.011398697 2.715101736 -0.109735959 0.010317368 -0.993907225 1.326972182
0.993980144 0.011647371 -0.108939492 -10.023716710 0.010057159 -0.999834875 -0.015135295 2.716908694 -0.109097790 0.013948561 -0.993933152 0.410018702
0.994040018 0.010574959 -0.108501673 -10.092812991 0.008637465 -0.999795024 -0.018311291 2.720091114 -0.108673074 0.017264977 -0.993927605 -0.529629606
0.994174973 0.010933801 -0.107222087 -10.193999775 0.008929187 -0.999776591 -0.019158220 2.718812356 -0.107407605 0.018089216 -0.994050495 -1.455318401
0.994334352 0.011073530 -0.105719311 -10.295446448 0.009404367 -0.999823340 -0.016274124 2.714409758 -0.105880847 0.015187697 -0.994262833 -2.381343223
0.994398162 0.011775228 -0.105041129 -10.361147082 0.010610937 -0.999875997 -0.011636120 2.713180745 -0.105165122 0.010456352 -0.994399800 -3.234295633
0.994534456 0.010399852 -0.103889648 -10.465837822 0.009539057 -0.999915963 -0.008779089 2.712472246 -0.103972219 0.007740097 -0.994550083 -4.176125656
0.994639977 0.008214177 -0.103072030 -10.560984412 0.007260047 -0.999927288 -0.009628671 2.710223910 -0.103143627 0.008828753 -0.994627290 -5.121667414
0.994689956 0.007257101 -0.102660729 -10.660514379 0.005598020 -0.999849188 -0.016439702 2.758411043 -0.102764551 0.015777710 -0.994580570 -6.018343292
0.994627033 0.003310283 -0.103470324 -10.767222812 0.001241681 -0.999798203 -0.020050245 2.755379511 -0.103515816 0.019814039 -0.994430430 -6.993213140
0.994458749 -0.004184144 -0.105044229 -10.847582236 -0.006235822 -0.999796010 -0.019210739 2.745497209 -0.104942421 0.019759325 -0.994281981 -7.961149700
0.995059721 0.007004010 -0.099030777 -10.780546156 0.003078166 -0.999205312 -0.039740021 3.552103808 -0.099230418 0.039238861 -0.994290519 -8.303436853
0.994934256 0.007126856 -0.100274797 -10.888734657 0.003556630 -0.999354856 -0.035738249 3.522986331 -0.100464807 0.035200568 -0.994317727 -9.271853840
0.993701485 0.051606481 -0.099469238 -11.091690976 0.049432627 -0.998484281 -0.024198285 3.708629357 -0.100567259 0.019128846 -0.994746356 -10.119167288
0.993587296 0.052417614 -0.100183228 -11.170277301 0.050066648 -0.998411543 -0.025840315 3.707837736 -0.101378579 0.020658771 -0.994633399 -11.047766126
0.983248328 0.148272180 -0.106009843 -10.847389766 0.146529800 -0.988913036 -0.024083714 3.472459610 -0.108405461 0.008146670 -0.994073382 -12.437018133
0.983029213 0.148881224 -0.107181844 -10.959654355 0.146999722 -0.988813161 -0.025290601 3.460707586 -0.109748114 0.009105698 -0.993917722 -13.411326363
0.977664633 0.181505695 -0.105960125 -10.898407499 0.182166254 -0.983261541 -0.003492498 2.992990236 -0.104820424 -0.015887867 -0.994364246 -14.229995600
0.977656452 0.181651757 -0.105785162 -11.001799606 0.181999493 -0.983277544 -0.006438668 3.003936847 -0.105185769 -0.012958041 -0.994368163 -15.219807379
0.976438487 0.189673283 -0.102917085 -11.126529579 0.189955750 -0.981766691 -0.007139792 3.019769986 -0.102394794 -0.012578124 -0.994664314 -16.247545751
0.976393886 0.189531616 -0.103598970 -11.229865130 0.189861644 -0.981787602 -0.006757232 3.032542500 -0.102992894 -0.013071750 -0.994596196 -17.232755432
0.971767908 0.086473371 -0.219521044 -6.262888569 0.061910968 -0.991269303 -0.116413924 3.995382315 -0.227671177 0.099536555 -0.968637347 -12.611265567
0.971566809 0.088230081 -0.219712057 -6.489774061 0.064225078 -0.991389898 -0.114110518 3.894256081 -0.227888294 0.096754967 -0.968868103 -13.563089759
0.971314383 0.087859703 -0.220972945 -6.713716584 0.063744518 -0.991433537 -0.114000785 3.787369392 -0.229096063 0.096644789 -0.968594228 -14.544081065
0.972167016 0.077236319 -0.221191874 -6.100914062 0.057960925 -0.994037791 -0.092354753 3.026550057 -0.227006223 0.076963760 -0.970847441 -14.464255620
0.971982877 0.077295903 -0.221978898 -6.330957477 0.057745788 -0.993965869 -0.093259188 2.942288752 -0.227848001 0.077827987 -0.970581317 -15.428657612
0.971655687 0.079554700 -0.222612388 -6.556405077 0.060853854 -0.994112461 -0.089650559 2.869946960 -0.228433873 0.073562654 -0.970776237 -16.379315448
0.967266442 0.006942563 -0.253667955 -6.281442149 -0.018337109 -0.995100207 -0.097156207 2.040472538 -0.253099547 0.098627475 -0.962399730 -17.457419038
0.967063237 0.007561395 -0.254423900 -6.535625899 -0.017393351 -0.995259137 -0.095690765 1.954545460 -0.253941267 0.096964305 -0.962347004 -18.394819533
0.963704426 0.042819373 -0.263515238 -5.600309032 0.016341657 -0.994664236 -0.101862695 2.395700921 -0.266470880 0.093859254 -0.959262066 -18.567756968
0.963730760 0.041776210 -0.263586364 -5.863535069 0.014457923 -0.994394361 -0.104741694 2.307981488 -0.266484505 0.097131881 -0.958932430 -19.508231760
0.964568921 0.045117323 -0.259944655 -6.242203149 0.017570278 -0.994067332 -0.107337896 2.359005951 -0.263245288 0.098967499 -0.959639178 -20.395448602
0.964739258 0.041851965 -0.259858765 -6.494644446 0.014528076 -0.994239445 -0.106192567 2.274703700 -0.262806202 0.098672891 -0.959789853 -21.304380484
0.963647325 0.064085621 -0.259377846 -6.724082043 0.039207232 -0.994216502 -0.099981700 2.209946749 -0.264285124 0.086177610 -0.960586692 -22.192710446
0.963419927 0.062681184 -0.260563070 -6.968617198 0.037332658 -0.994173227 -0.101123034 2.127842486 -0.265383339 0.087696434 -0.960146353 -23.100411550
0.963306487 0.085334149 -0.254477296 -7.296614563 0.063676261 -0.993704472 -0.092177851 1.730251785 -0.260741146 0.072591359 -0.962675724 -24.155603598
0.963218251 0.085454869 -0.254770615 -7.537774830 0.062703620 -0.993391145 -0.096136826 1.642883783 -0.261302233 0.076625706 -0.962210811 -25.062376205
0.963863206 0.067542590 -0.257693071 -7.721936768 0.043250514 -0.994166605 -0.098803618 1.600676421 -0.262863298 0.084087814 -0.961161863 -26.023293139
0.963369568 0.067932263 -0.259430690 -7.973183428 0.044649433 -0.994512328 -0.094613200 1.525779960 -0.264434308 0.079564044 -0.961116049 -26.915570134
0.961749818 0.063341034 -0.266505537 -8.225631401 0.041066410 -0.995243146 -0.088343822 1.435450471 -0.270833598 0.074020229 -0.959776103 -27.775791366
0.961300969 0.064233928 -0.267907541 -8.473222336 0.043286061 -0.995577028 -0.083382837 1.368450040 -0.272078600 0.068559340 -0.959829595 -28.643626477
0.961160254 0.069994147 -0.266967760 -8.766823716 0.049050442 -0.995229397 -0.084335642 1.309684312 -0.271597164 0.067965181 -0.960008185 -29.425875207
0.960473107 0.071119249 -0.269134655 -8.979914353 0.049481603 -0.995035099 -0.086352313 1.225831293 -0.273939739 0.069621860 -0.959223548 -30.341357345
0.960078621 0.073207514 -0.269980927 -9.189573063 0.050764384 -0.994718958 -0.089202976 1.204684895 -0.275085475 0.071936455 -0.958724740 -31.069757903
0.960142518 0.074665769 -0.269353611 -9.509507041 0.052994163 -0.994809932 -0.086860909 1.075195962 -0.274441184 0.069124683 -0.959116163 -31.898460491
0.955777263 0.085380350 -0.281424980 -8.515260367 0.060181903 -0.993462019 -0.097012143 1.439445178 -0.287867960 0.075785310 -0.954666761 -31.420519048
0.955289646 0.086142749 -0.282844690 -8.758291576 0.060678298 -0.993373906 -0.097603422 1.372033816 -0.289378362 0.076077005 -0.954186802 -32.225581137
0.954857979 0.086054952 -0.284325140 -8.994377703 0.060353244 -0.993357881 -0.097967378 1.304323837 -0.290867196 0.076384988 -0.953709394 -33.012454789
0.954673144 0.086657732 -0.284762403 -9.266049616 0.060708632 -0.993259960 -0.098737597 1.228487814 -0.291399469 0.076974596 -0.953499481 -33.787920026
0.950929266 0.099976281 -0.292810988 -9.412190582 0.071713027 -0.991804184 -0.105743565 1.354436536 -0.300983012 0.079556288 -0.950305227 -35.378114551
0.950404541 0.102557488 -0.293620792 -9.653322357 0.073108052 -0.991283362 -0.109601594 1.281746075 -0.302301870 0.082699809 -0.949617987 -36.131587615
0.948340961 0.070913669 -0.309225925 -9.720365188 0.047492728 -0.995447940 -0.082630738 0.030811246 -0.313677959 0.063676131 -0.947391940 -37.199623648
0.947682675 0.072476794 -0.310877245 -9.959431327 0.050387763 -0.995638583 -0.078516789 -0.012816993 -0.315212025 0.058744592 -0.947201379 -37.907954160
0.941602076 0.093225921 -0.323565229 -9.625935576 0.070966072 -0.994269282 -0.079952562 0.407612339 -0.329164619 0.052321345 -0.942821897 -38.947380899
0.941172673 0.091032991 -0.325433547 -9.865698400 0.070565746 -0.994745227 -0.074178219 0.360244987 -0.330476133 0.046850051 -0.942650836 -39.620760733
0.940841001 0.091192935 -0.326346532 -10.090448205 0.071300279 -0.994821412 -0.072433613 0.300521462 -0.331261952 0.044879914 -0.942470855 -40.277017028
0.940443733 0.095098017 -0.326377009 -10.326913581 0.073976565 -0.994317020 -0.076558026 0.276850355 -0.331802731 0.047854266 -0.942134235 -40.893049699
0.943128629 0.017683480 -0.331957353 -10.661191180 -0.011099854 -0.996352151 -0.084611964 0.164885537 -0.332242657 0.083484644 -0.939491954 -41.504849196
0.942696290 0.013855672 -0.333364253 -10.860886057 -0.014175478 -0.996572000 -0.081506474 0.130840701 -0.333350807 0.081561448 -0.939268316 -42.099012590
0.942727826 0.004819127 -0.333528143 -11.069388486 -0.021732660 -0.996883747 -0.075831959 0.082393626 -0.332854229 0.078737351 -0.939685315 -42.704136556
0.943080521 -0.000294391 -0.332564347 -11.266096117 -0.025223276 -0.997182564 -0.070645031 0.035595239 -0.331606571 0.075012315 -0.940430877 -43.270496958
0.943736498 0.004111922 -0.330672821 -11.484913613 -0.019983490 -0.997386293 -0.069435171 0.017553994 -0.330094052 0.072136502 -0.941187676 -43.890258712
0.944946238 0.009508389 -0.327087447 -11.679686198 -0.014972094 -0.997274564 -0.072244592 -0.019876612 -0.326882921 0.073164440 -0.942228487 -44.434713129
0.946303942 0.008599506 -0.323163886 -11.854192161 -0.016635692 -0.997026326 -0.075244655 -0.056610434 -0.322849969 0.076580368 -0.943346885 -44.971103739
0.948132240 0.007383632 -0.317790397 -12.012609045 -0.018637296 -0.996719162 -0.078762697 -0.092609358 -0.317329333 0.080600206 -0.944883962 -45.485381086
0.950637315 0.004010045 -0.310278287 -12.163126309 -0.022666774 -0.996347837 -0.082323780 -0.122568673 -0.309475222 0.085293065 -0.947074538 -45.992263274
0.956424979 0.019757213 -0.291308965 -12.734145671 -0.001178215 -0.997438700 -0.071516792 -0.145227403 -0.291975808 0.068743671 -0.953952009 -46.763296265
0.960552810 0.024669891 -0.277001256 -12.875461780 0.005172992 -0.997470230 -0.070896971 -0.175055362 -0.278049527 0.066667360 -0.958250449 -47.246173720
0.965989633 0.039636814 -0.255524856 -13.281600026 0.027857783 -0.998382844 -0.049554418 -0.584210917 -0.257075812 0.040750698 -0.965531671 -48.090596951
0.968547695 0.048323620 -0.244090538 -13.214129633 0.037484560 -0.998101992 -0.048860221 -0.523427579 -0.245988355 0.038173828 -0.968520773 -49.015204906
0.982340630 0.047563767 -0.180954619 -14.130485910 0.035170326 -0.996849427 -0.071093371 -0.116208400 -0.183765977 0.063473674 -0.980918528 -48.853000756
0.971826395 0.050445576 -0.230236187 -11.925776224 0.017675137 -0.989675143 -0.142234669 1.191190586 -0.235034141 0.134157950 -0.962684059 -48.591752740
0.979165539 0.051407218 -0.196448838 -11.996749988 0.023275381 -0.989461592 -0.142912609 1.131762619 -0.201725320 0.135362680 -0.970043216 -49.047275179
0.986030472 0.051434778 -0.158424656 -12.044507184 0.028494984 -0.989195816 -0.143804290 1.070158291 -0.164109549 0.137281104 -0.976842850 -49.541605489
