1.000000000 0.000000000 0.000000000 0.000000000 0.000000000 1.000000000 0.000000000 0.000000000 0.000000000 0.000000000 1.000000000 0.000000000
0.999990880 -0.002650874 -0.003348551 -0.002426767 0.002643499 0.999994075 -0.002204936 -0.004410234 0.003354376 0.002196064 0.999991963 0.675046015
0.999970766 -0.001271958 -0.007539798 -0.012618791 0.001243060 0.999991869 -0.003836161 -0.006664770 0.007544616 0.003826676 0.999964217 1.371171627
0.999932400 -0.001203417 -0.011564921 -0.028469890 0.001140080 0.999984325 -0.005481726 -0.007361836 0.011571337 0.005468170 0.999918098 2.089871869
0.999868865 0.000028237 -0.016194223 -0.047691473 -0.000126276 0.999981673 -0.006052930 -0.013784864 0.016193755 0.006054181 0.999850543 2.803177785
0.999785577 -0.001121458 -0.020677119 -0.065740777 0.000990652 0.999979441 -0.006335300 -0.022616416 0.020683799 0.006313457 0.999766133 3.544623195
0.999680980 0.000754124 -0.025246178 -0.091988534 -0.000947193 0.999970394 -0.007636348 -0.031574856 0.025239672 0.007657825 0.999652098 4.301159443
0.999586979 0.003390059 -0.028537336 -0.177999425 -0.003637705 0.999956139 -0.008630545 -0.031031046 0.028506826 0.008730791 0.999555468 5.199991771
0.999443912 0.003879440 -0.033118233 -0.207042768 -0.004115387 0.999966615 -0.007059195 -0.040467992 0.033089742 0.007191564 0.999426511 5.998354589
0.999220288 0.010191945 -0.038143668 -0.254600483 -0.010351014 0.999938526 -0.003975098 -0.061198009 0.038100809 0.004366824 0.999264359 6.959423705
0.999066068 0.009796723 -0.042083431 -0.286245234 -0.009862554 0.999950443 -0.001356958 -0.070167857 0.042068051 0.001770741 0.999113179 7.776243010
0.998928929 0.011395332 -0.044845758 -0.325632537 -0.011496153 0.999931935 -0.001990888 -0.079769019 0.044820019 0.002504309 0.998991939 8.593187104
0.994374930 -0.030810053 -0.101337256 1.264301191 0.030871742 0.999522893 -0.000959839 0.115646546 0.101318480 -0.002174018 0.994851667 8.569800826
0.994031093 -0.033911743 -0.103692720 1.187499979 0.033923789 0.999423064 -0.001647917 0.110813430 0.103688779 -0.001879569 0.994608015 9.406359942
0.993768670 -0.034104417 -0.106116533 1.101965431 0.034206211 0.999414425 -0.000861178 0.103248513 0.106083763 -0.002774033 0.994353327 10.250188240
0.993911263 -0.037731724 -0.103521581 0.942719611 0.038035348 0.999275933 0.000959772 0.069185518 0.103410411 -0.004891407 0.994626745 11.136274976
0.993760457 -0.035657401 -0.105682088 0.851287638 0.035685144 0.999361755 -0.001629012 0.063591293 0.105672723 -0.002152433 0.994398634 11.997382429
0.993664299 -0.035324953 -0.106693058 0.751391485 0.035037979 0.999375562 -0.004563608 0.059550783 0.106787644 0.000796386 0.994281532 12.867577964
0.993736073 -0.027510326 -0.108313430 0.649671618 0.026359051 0.999579949 -0.012046802 -0.004656477 0.108599345 0.009116302 0.994043800 13.730453253
0.993609927 -0.026645673 -0.109678257 0.548727581 0.025521727 0.999606510 -0.011639014 -0.022607427 0.109945229 0.008765461 0.993898996 14.620329796
0.917482500 -0.375138826 -0.132275180 1.730266068 0.386323948 0.919576587 0.071642921 0.398701198 0.094761117 -0.116832196 0.988620538 13.755933721
0.917445873 -0.374512364 -0.134289090 1.611766305 0.386045778 0.919604542 0.072774602 0.451172155 0.096237869 -0.118608495 0.988266309 14.652723969
0.886395272 -0.436010201 -0.155558754 1.756540790 0.451004275 0.889125762 0.077785113 0.535312714 0.104396193 -0.139106019 0.984759336 15.370522242
0.886032532 -0.436265985 -0.156902337 1.615087527 0.451261282 0.889148442 0.076015150 0.596515642 0.106346644 -0.138155845 0.984684393 16.266894500
0.893732159 -0.422796916 -0.149951975 1.432651237 0.437280274 0.895687279 0.080810031 0.593180278 0.100143844 -0.137793564 0.985385277 17.285470892
0.893510528 -0.422640556 -0.151703317 1.297518686 0.437475174 0.895499165 0.081833470 0.665632958 0.101264051 -0.139485502 0.985032683 18.207258346
0.997017067 0.057365695 -0.051634724 1.280542997 -0.048481181 0.986031552 0.159346646 -0.144403397 0.060054498 -0.156368013 0.985871443 19.529343281
0.997018863 0.058347245 -0.050487485 1.227348936 -0.049405215 0.985368222 0.163121400 -0.005993026 0.059266448 -0.160140767 0.985313363 20.453373668
0.996246376 -0.053163529 -0.068313966 1.413402310 0.067948444 0.969216314 0.236648993 -1.188627897 0.053629915 -0.240402529 0.969190619 21.511578015
0.996380923 -0.052644599 -0.066735319 1.345814996 0.067108147 0.969068912 0.237490929 -0.978723342 0.052168508 -0.241109915 0.969094658 22.425452917
0.996498324 -0.052011765 -0.065466523 1.288679742 0.066027076 0.969874608 0.234485970 -0.764527328 0.051298289 -0.237987439 0.969912607 23.343970490
0.997292519 0.017383951 -0.071452291 1.254661092 -0.011540914 0.996615570 0.081389267 1.373713844 0.072625333 -0.080344283 0.994117879 24.279823654
0.997386444 0.016915929 -0.070243378 1.184066125 -0.011393603 0.996865818 0.078286188 1.443710978 0.071347506 -0.077281257 0.994453187 25.224923633
0.997477464 0.014661821 -0.069453152 1.112416115 -0.009137587 0.996816952 0.079198923 1.514434715 0.070393280 -0.078364506 0.994436418 26.191252264
0.998140657 -0.009174509 -0.060258256 1.014799916 0.014641617 0.995750267 0.090923200 1.498927003 0.059167998 -0.091636421 0.994033156 27.069535042
0.998032275 -0.013056672 -0.061327820 0.958553961 0.018824746 0.995352697 0.094438542 1.575805817 0.059809758 -0.095407194 0.993639905 28.049491149
0.997831667 -0.020888734 -0.062414948 0.903863738 0.026704775 0.995227864 0.093852833 1.657877713 0.060156629 -0.095316106 0.993627707 29.034093606
0.998628062 -0.005223000 -0.052102927 0.692562665 0.009592516 0.996422176 0.083969225 1.883117605 0.051477941 -0.084353822 0.995105248 30.331592531
0.998569251 -0.004476506 -0.053286132 0.629155417 0.008734030 0.996761667 0.079936829 1.952586864 0.052755736 -0.080287862 0.995374649 31.296728712
0.998509887 -0.001373896 -0.054553816 0.578593385 0.005717483 0.996814937 0.079544271 2.017000882 0.054270773 -0.079737652 0.995337425 32.321595617
0.998455978 -0.001161427 -0.055536568 0.521202678 0.005656128 0.996710732 0.080843826 2.087720737 0.055260000 -0.081033123 0.995178359 33.320686027
0.997459785 0.046531551 -0.053933228 0.254340236 -0.042667611 0.996584257 0.070705682 2.284515968 0.057039051 -0.068224872 0.996038108 34.544898472
0.997370413 0.046716274 -0.055406218 0.195561673 -0.042677168 0.996493432 0.071968738 2.345345266 0.058574044 -0.069414910 0.995866784 35.555124206
0.997531020 0.023559855 -0.066157367 0.292598229 -0.018720650 0.997168141 0.072837046 2.589659953 0.067686049 -0.071418704 0.995147209 36.972588457
0.997518039 0.023489299 -0.066377823 0.230433066 -0.018433426 0.996954197 0.075779529 2.652248770 0.067955657 -0.074367876 0.994912784 37.984516743
0.996369950 -0.001776797 -0.085110316 0.110485892 0.007988600 0.997321823 0.072700503 2.978684522 0.084753202 -0.073116508 0.993715689 39.476475195
0.996328511 -0.001893529 -0.085591544 0.025705444 0.008094403 0.997360335 0.072158460 3.034728125 0.085228977 -0.072586344 0.993713864 40.471411572
0.996128867 -0.008756002 -0.087467783 0.080344645 0.014912118 0.997437063 0.069978104 3.137624987 0.086630880 -0.071011539 0.993706421 41.127600306
0.996158465 -0.006708269 -0.087311574 -0.018475324 0.012650212 0.997626864 0.067680220 3.195571719 0.086650354 -0.068524734 0.993879307 42.109736635
0.996059557 -0.007120333 -0.088400567 -0.108913086 0.013135135 0.997622899 0.067646282 3.250603641 0.087708766 -0.068540879 0.993785349 43.096327038
0.989872157 -0.092199216 -0.107946366 -0.128521282 0.099682654 0.992820997 0.066104734 3.788651321 0.101076614 -0.076195616 0.991956524 44.397245411
0.989668708 -0.092264091 -0.109741447 -0.225775163 0.099995871 0.992718499 0.067162543 3.842756379 0.102745673 -0.077442359 0.991688463 45.398171229
0.989994207 -0.089624983 -0.108990061 -0.356169096 0.096896637 0.993276172 0.063352097 3.892558453 0.102579300 -0.073278979 0.992022015 46.401953119
0.990026940 -0.089984603 -0.108394780 -0.452192006 0.096730083 0.993580543 0.058659995 3.930329005 0.102420448 -0.068560012 0.992375723 47.361685933
0.990014896 -0.089191445 -0.109157643 -0.557352131 0.095843884 0.993746593 0.057285761 3.977839761 0.103365636 -0.067175850 0.992372385 48.333819428
0.986432559 -0.121436766 -0.110471350 -0.556048562 0.130032131 0.988727386 0.074228037 4.111587693 0.100212036 -0.087585778 0.991103566 49.191543826
0.986116996 -0.123244565 -0.111283638 -0.658575664 0.132233398 0.988195964 0.077350272 4.169010941 0.100437042 -0.090991832 0.990773883 50.156851052
0.984980010 -0.129936938 -0.113713556 -0.827342954 0.139479110 0.986955969 0.080395856 4.185306917 0.101783882 -0.095048976 0.990255388 51.022397171
0.984548287 -0.133042802 -0.113860804 -0.931602035 0.142460443 0.986644000 0.078985065 4.249759465 0.101831685 -0.093985271 0.990351996 51.978906816
0.984723644 -0.131211146 -0.114468251 -1.060936964 0.140328344 0.987216555 0.075573998 4.301344605 0.103088802 -0.090482643 0.990548126 53.067351796
0.984360650 -0.132691893 -0.115874817 -1.167873837 0.142049952 0.986891271 0.076599153 4.362005689 0.104191759 -0.091861204 0.990305810 54.014916004
0.986473490 -0.126038648 -0.104806069 -1.257904853 0.133854079 0.988440258 0.071196509 4.485286524 0.094621026 -0.084262189 0.991940898 54.386611564
0.986249055 -0.126748785 -0.106054453 -1.355706652 0.135138382 0.987904610 0.076040111 4.541020064 0.095133691 -0.089326515 0.991448614 55.331781717
0.986396591 -0.124882365 -0.106893219 -1.458043609 0.133559901 0.987945466 0.078265626 4.595062318 0.095830675 -0.091477595 0.991185316 56.264646377
0.986400004 -0.123934583 -0.107959493 -1.561612061 0.132301359 0.988435245 0.074108821 4.650034224 0.097526322 -0.087384129 0.991389243 57.197421212
0.985487886 -0.128676290 -0.110706993 -1.682511937 0.136749188 0.988221607 0.068685617 4.729329090 0.100564832 -0.082827935 0.991476801 58.075356666
0.985658380 -0.127095718 -0.111014577 -1.787859823 0.134678109 0.988841239 0.063677398 4.780777171 0.101682668 -0.077715394 0.991776665 58.988545958
0.986132927 -0.122304904 -0.112175579 -1.898681759 0.130035314 0.989417212 0.064377004 4.828606531 0.103114825 -0.078071070 0.991600848 59.899416340
0.986363931 -0.119447515 -0.113218757 -2.005240767 0.127487971 0.989599184 0.066635363 4.868464987 0.104081761 -0.080160748 0.991333063 60.761412991
0.986717473 -0.114322959 -0.115407496 -2.041625852 0.122741408 0.990060437 0.068664976 4.879773822 0.106410412 -0.081918210 0.990942093 61.546748605
0.986449950 -0.116115314 -0.115903968 -2.202672027 0.124464247 0.989919938 0.067580825 4.957585064 0.106888480 -0.081091002 0.990958678 62.498334202
0.986179077 -0.117907716 -0.116398449 -2.364216731 0.126186169 0.989775412 0.066495748 5.034262723 0.107367961 -0.080264590 0.990974125 63.449927314
0.985904854 -0.119700157 -0.116890937 -2.526257880 0.127907168 0.989626860 0.065409749 5.109805876 0.107848854 -0.079438978 0.990988433 64.401526759
0.985627283 -0.121492630 -0.117381430 -2.688793386 0.129627235 0.989474281 0.064322833 5.184213608 0.108331156 -0.078614169 0.991001601 65.353131355
0.985346365 -0.123285128 -0.117869925 -2.851821159 0.131346363 0.989317678 0.063235005 5.257485004 0.108814865 -0.077790168 0.991013630 66.304739916
0.985062100 -0.125077641 -0.118356421 -3.015339108 0.133064545 0.989157049 0.062146269 5.329619158 0.109299979 -0.076966977 0.991024520 67.256351261
0.984774491 -0.126870163 -0.118840915 -3.179345137 0.134781774 0.988992397 0.061056630 5.400615168 0.109786497 -0.076144601 0.991034270 68.207964205
0.987953842 -0.111964780 -0.106822723 -1.429551279 0.124579642 0.984948365 0.119819158 4.052532720 0.091799341 -0.131683734 0.987032054 58.400925084
0.987953842 -0.111964780 -0.106822723 -1.429551279 0.124579642 0.984948365 0.119819158 4.052532720 0.091799341 -0.131683734 0.987032054 58.400925084
0.987953842 -0.111964780 -0.106822723 -1.429551279 0.124579642 0.984948365 0.119819158 4.052532720 0.091799341 -0.131683734 0.987032054 58.400925084
0.988299052 -0.120642223 -0.093329728 -2.055589799 0.125929602 0.990623172 0.052985534 4.765233254 0.086062298 -0.064118528 0.994224369 57.901596792
0.988365741 -0.119794713 -0.093714400 -2.128369944 0.124972320 0.990824657 0.051462790 4.800421364 0.086689568 -0.062575765 0.994268169 58.603064070
0.988579977 -0.117031839 -0.094937761 -2.193135337 0.122597099 0.990928252 0.055055877 4.821180262 0.087633219 -0.066066232 0.993959593 59.267708646
0.990535527 -0.107502020 -0.085338652 -2.474813622 0.112803819 0.991807950 0.059935703 4.734384318 0.078196344 -0.068994969 0.994547649 59.865049421
0.990122746 -0.110639178 -0.086115741 -2.528830284 0.115722554 0.991676158 0.056450751 4.759520466 0.079153263 -0.065858706 0.994684569 60.505000711
0.989253403 -0.118496446 -0.085652189 -2.565936093 0.123160970 0.991055724 0.051380216 4.781697502 0.078797719 -0.061377060 0.994999385 61.127336163
0.988978211 -0.122444499 -0.083243274 -2.633705366 0.126620928 0.990842991 0.046875447 4.802549300 0.076741374 -0.056899136 0.995426165 61.730852875
0.992478457 -0.113063475 -0.046937874 -3.575895607 0.114385242 0.993083188 0.026491453 5.222293781 0.043617997 -0.031661197 0.998546463 62.869590211
0.993183828 -0.108264033 -0.043183133 -3.612474770 0.109605187 0.993522473 0.029996653 5.229719219 0.039655854 -0.034525286 0.998616752 63.448015192
0.993179523 -0.109951796 -0.038794825 -3.635603679 0.111274182 0.993216512 0.033749333 5.237098871 0.034820861 -0.037836008 0.998677097 64.009700890
0.993012849 -0.113008617 -0.033978434 -3.643012401 0.114322167 0.992655025 0.039578325 5.259688232 0.029256172 -0.043186273 0.998638584 64.561898865
0.992711323 -0.117604935 -0.026330751 -3.645181742 0.118686604 0.991947936 0.044190298 5.265833482 0.020921737 -0.046993316 0.998676078 65.088326888
0.993420919 -0.112932328 -0.019004378 -3.639482910 0.113671096 0.992553777 0.043770786 5.286557636 0.013919731 -0.045643062 0.998860827 65.531850697
0.994177225 -0.107686352 -0.003910824 -3.644224519 0.107753011 0.993156893 0.045040803 5.299835930 -0.000966218 -0.045199944 0.998977493 66.033667101
0.993097135 -0.116900527 0.009609721 -3.725411075 0.116249328 0.991850797 0.052135309 5.250011482 -0.015626054 -0.050658302 0.998593793 66.763630316
0.992681796 -0.114914059 0.037116171 -3.766448403 0.112850019 0.992165076 0.053603495 5.345594542 -0.042985164 -0.049022654 0.997872264 67.242958854
0.991945032 -0.108885839 0.064721927 -3.548619409 0.105308328 0.992842390 0.056339545 5.350330933 -0.070393252 -0.049069974 0.996311662 67.539885446
0.989485477 -0.110079483 0.093813634 -3.485122923 0.104604786 0.992615663 0.061416478 5.368816042 -0.099881577 -0.050957358 0.993693624 67.993446582
0.983663032 -0.114695878 0.138751201 -3.717818914 0.105030289 0.991628683 0.075107885 5.268328040 -0.146204235 -0.059307771 0.987475017 68.551874782
0.976716797 -0.114284530 0.181558102 -3.764802067 0.101980452 0.991898317 0.075747719 5.348781382 -0.188743968 -0.055468693 0.980458535 68.965950970
