1.000000000 0.000000000 0.000000000 0.000000000 0.000000000 1.000000000 0.000000000 0.000000000 0.000000000 0.000000000 1.000000000 0.000000000
0.999990781 -0.002267453 -0.003646389 0.003602200 0.002258392 0.999994357 -0.002487055 -0.002843758 0.003652008 0.002478797 0.999990259 0.676206777
0.999968158 -0.001327487 -0.007868952 -0.010997586 0.001297613 0.999991937 -0.003800305 -0.012653877 0.007873933 0.003789974 0.999961818 1.371050398
0.999930349 -0.001484460 -0.011708678 -0.029974456 0.001418626 0.999983151 -0.005629024 -0.011260005 0.011716837 0.005612022 0.999915607 2.079294317
0.999868527 -0.000404139 -0.016210039 -0.069527478 0.000306345 0.999981742 -0.006034975 -0.019249642 0.016212182 0.006029216 0.999850396 2.821216742
0.999789065 -0.001793045 -0.020459974 -0.094302197 0.001666932 0.999979519 -0.006179297 -0.026370558 0.020470635 0.006143888 0.999771577 3.567687617
0.999676864 0.000625933 -0.025412101 -0.113509172 -0.000812813 0.999972700 -0.007344291 -0.039068299 0.025406810 0.007362573 0.999650082 4.323840078
0.999531871 0.002641686 -0.030480492 -0.141626737 -0.002872665 0.999967473 -0.007536623 -0.051339244 0.030459592 0.007620655 0.999506948 5.102976478
0.999398752 0.002202608 -0.034601782 -0.178970832 -0.002390406 0.999982633 -0.005386986 -0.066056875 0.034589315 0.005466459 0.999386660 5.877093758
0.999240431 0.001870127 -0.038923808 -0.214669257 -0.001991664 0.999993261 -0.003083889 -0.069573723 0.038917778 0.003159070 0.999237423 6.646696641
0.999136793 -0.000248195 -0.041540423 -0.403668047 0.000193783 0.999999118 -0.001313878 -0.039948373 0.041540712 0.001304694 0.999135960 7.728306581
0.999019237 0.001194056 -0.044262148 -0.454013875 -0.001281953 0.999997262 -0.001957510 -0.051577434 0.044259689 0.002012332 0.999018033 8.560601711
0.998925307 0.000559142 -0.046345640 -0.497117837 -0.000662380 0.999997334 -0.002212234 -0.053592460 0.046344280 0.002240555 0.998923014 9.368505020
0.998855215 -0.000155234 -0.047835501 -0.500579771 0.000031594 0.999996657 -0.002585433 -0.082144951 0.047835742 0.002580962 0.998851881 10.124340954
0.998753600 -0.000271677 -0.049911649 -0.529054203 0.000189953 0.999998634 -0.001642126 -0.095385743 0.049912026 0.001630599 0.998752287 10.929095686
0.998702729 -0.000900099 -0.050912173 -0.600395820 0.000799985 0.999997706 -0.001986737 -0.114351819 0.050913844 0.001943431 0.998701158 11.807108569
0.998595851 0.000228095 -0.052974278 -0.630441993 -0.000462553 0.999990153 -0.004413652 -0.114241539 0.052972749 0.004431958 0.998586123 12.638502402
0.998507540 0.000563787 -0.054611117 -0.661420958 -0.000951857 0.999974481 -0.007080312 -0.124417079 0.054605732 0.007121727 0.998482596 13.463707715
0.998384523 0.002388257 -0.056768297 -0.694689448 -0.002862086 0.999961733 -0.008266880 -0.131868116 0.056746381 0.008416001 0.998353154 14.312432661
0.998289448 0.004290558 -0.058307536 -0.708809275 -0.004749146 0.999958856 -0.007728684 -0.155404985 0.058271977 0.007992375 0.998268751 15.137190412
0.998186937 0.002856681 -0.060122200 -0.733893061 -0.003245204 0.999974474 -0.006365566 -0.167006755 0.060102481 0.006549133 0.998170727 15.977468272
0.998087121 0.004476560 -0.061660836 -0.789181025 -0.004745542 0.999979850 -0.004216518 -0.211355133 0.061640718 0.004501066 0.998088254 16.878623879
0.998104021 0.005742897 -0.061281176 -0.915897592 -0.006051537 0.999969918 -0.004852048 -0.215822451 0.061251467 0.005213694 0.998108749 17.850929659
0.997996240 0.003571477 -0.063172385 -0.966065678 -0.003925366 0.999977287 -0.005478739 -0.220137743 0.063151383 0.005715736 0.997987592 18.741477198
0.997939175 0.003421197 -0.064075722 -1.027729901 -0.003836000 0.999972470 -0.006351723 -0.239235378 0.064052228 0.006584427 0.997924826 19.652808001
0.997856312 0.004372440 -0.065296726 -1.046492058 -0.004690200 0.999977890 -0.004713895 -0.254875635 0.065274671 0.005010044 0.997854757 20.513995082
0.997859146 0.004768982 -0.065225613 -1.089750042 -0.004848365 0.999987686 -0.001058817 -0.267904932 0.065219760 0.001372788 0.997869981 21.386249949
0.997927247 0.006040492 -0.064068111 -1.180028174 -0.005892171 0.999979507 0.002503737 -0.277149645 0.064081922 -0.002121047 0.997942387 22.354238995
0.998043023 0.004951586 -0.062334630 -1.257708034 -0.004612324 0.999973765 0.005585315 -0.288859248 0.062360651 -0.005286877 0.998039678 23.321969074
0.998131691 0.006415181 -0.060761612 -1.315161599 -0.006052114 0.999962728 0.006157436 -0.300806152 0.060798849 -0.005778196 0.998133314 24.250796264
0.998205198 0.005640328 -0.059620215 -1.365827219 -0.005426302 0.999978242 0.003751105 -0.314156850 0.059640075 -0.003420855 0.998214085 25.185325707
0.998261846 0.007137223 -0.058500831 -1.441523368 -0.007198621 0.999973738 -0.000838842 -0.332906498 0.058493308 0.001258509 0.998287007 26.147270601
0.998319556 0.005252986 -0.057710224 -1.462144890 -0.005478643 0.999977951 -0.003752652 -0.337699766 0.057689239 0.004062520 0.998326323 27.042773838
0.998366224 0.002535788 -0.057082856 -1.528894961 -0.002698477 0.999992514 -0.002773149 -0.349215429 0.057075396 0.002922655 0.998365593 28.022026858
0.998356755 0.001667136 -0.057280099 -1.583769633 -0.001575131 0.999997396 0.001651339 -0.355960649 0.057282703 -0.001558402 0.998356782 29.000954041
0.998328357 -0.001850742 -0.057767346 -1.659124160 0.002127479 0.999986553 0.004729412 -0.361596734 0.057757817 -0.004844405 0.998318870 29.987151898
0.998250856 -0.007923696 -0.058587053 -1.724964625 0.008164656 0.999959162 0.003874602 -0.375706991 0.058553959 -0.004346168 0.998274784 30.976152164
0.998166122 -0.009055650 -0.059853052 -1.802419654 0.009060739 0.999958933 -0.000186364 -0.392324588 0.059852281 -0.000356290 0.998207182 31.980228950
0.998077740 -0.008754571 -0.061352941 -1.860827041 0.008512447 0.999954920 -0.004206683 -0.401764572 0.061387003 0.003676333 0.998107269 32.944212492
0.997973619 -0.006663132 -0.063279207 -1.936440612 0.006371652 0.999968147 -0.004806939 -0.428368395 0.063309221 0.004394006 0.997984286 33.932118376
0.997895641 -0.005816719 -0.064579058 -1.985131450 0.005610673 0.999978576 -0.003371499 -0.453924836 0.064597286 0.003002072 0.997906899 34.930849656
0.997851733 -0.002135430 -0.065477930 -2.066819845 0.002095631 0.999997575 -0.000676490 -0.472411122 0.065479215 0.000537819 0.997853788 35.913951102
0.997782229 -0.001293716 -0.066550348 -2.144059592 0.001372427 0.999998412 0.001137029 -0.509695675 0.066548772 -0.001225842 0.997782420 36.924828517
0.997730322 -0.000030957 -0.067336490 -2.238533764 0.000246775 0.999994860 0.003196760 -0.517036017 0.067336045 -0.003206122 0.997725202 37.939917179
0.997765352 0.000423433 -0.066814090 -2.318247307 0.000010259 0.999978936 0.006490554 -0.541921421 0.066815431 -0.006476736 0.997744331 38.933251336
0.997710690 0.006136274 -0.067347792 -2.392928842 -0.005552191 0.999945367 0.008856402 -0.548221169 0.067398458 -0.008462200 0.997690252 39.909692768
0.997703246 0.006093808 -0.067461836 -2.469443722 -0.005570252 0.999952914 0.007946156 -0.551052767 0.067507082 -0.007552126 0.997690212 40.903566274
0.997730339 0.007225924 -0.066947425 -2.540552759 -0.006831990 0.999957987 0.006111323 -0.563949043 0.066988772 -0.005640069 0.997737788 41.878530933
0.997667485 0.012397448 -0.067125946 -2.596192012 -0.012175067 0.999918958 0.003720987 -0.588003165 0.067166636 -0.002895045 0.997737572 42.838708943
0.997603272 0.012169765 -0.068114673 -2.670412760 -0.011949791 0.999921988 0.003636004 -0.592781636 0.068153608 -0.002813333 0.997670873 43.838234545
0.997517603 0.012759744 -0.069251866 -2.738477011 -0.012453541 0.999910682 0.004851538 -0.625125193 0.069307585 -0.003977064 0.997587411 44.828176115
0.997455209 0.013252383 -0.070053412 -2.808042801 -0.012850808 0.999898327 0.006180015 -0.642087318 0.070128189 -0.005264046 0.997524098 45.816204511
0.997395688 0.017125031 -0.070061222 -2.890246682 -0.017000363 0.999852662 0.002375332 -0.660335916 0.070091577 -0.001178079 0.997539865 46.784891371
0.997301338 0.018971214 -0.070923444 -2.965394275 -0.019153010 0.999814789 -0.001884027 -0.676994740 0.070874566 0.003237340 0.997479982 47.745576853
0.997144269 0.021369401 -0.072433799 -2.993507645 -0.021654466 0.999760544 -0.003152429 -0.698527641 0.072349089 0.004711942 0.997368240 48.685667122
0.997145640 0.021340145 -0.072423545 -3.068527681 -0.021351262 0.999771843 0.000620772 -0.730988982 0.072420269 0.000927334 0.997373774 49.664618314
0.997122722 0.020577647 -0.072957774 -3.129080016 -0.020395556 0.999786739 0.003240047 -0.743557006 0.073008888 -0.001742710 0.997329768 50.645944317
0.997119838 0.020392278 -0.073049183 -3.201569816 -0.020170569 0.999789440 0.003771570 -0.770383396 0.073110713 -0.002287264 0.997321208 51.601138950
0.997151486 0.018793595 -0.073045982 -3.271985939 -0.018664525 0.999822803 0.002449218 -0.791245431 0.073079068 -0.001078873 0.997325567 52.557654865
0.997152091 0.016778689 -0.073526750 -3.344700413 -0.016734825 0.999859228 0.001212632 -0.814575477 0.073536746 0.000021278 0.997292508 53.532929022
0.997083108 0.016973143 -0.074412284 -3.429580782 -0.016867644 0.999855638 0.002046031 -0.830757386 0.074436269 -0.000784903 0.997225464 54.501315264
0.997035782 0.014908579 -0.075481014 -3.498888505 -0.014494635 0.999876771 0.006028956 -0.847783965 0.075561596 -0.004917015 0.997129013 55.449628066
0.997022323 0.015236441 -0.075593243 -3.578734439 -0.014457256 0.999836683 0.010844171 -0.862746222 0.075746124 -0.009719010 0.997079769 56.397239058
0.996916706 0.019419626 -0.076026043 -3.661352616 -0.018468733 0.999742423 0.013190690 -0.901493384 0.076262619 -0.011745914 0.997018579 57.348654621
0.996770287 0.021883422 -0.077266498 -3.750382494 -0.021219429 0.999730612 0.009404206 -0.919330818 0.077451479 -0.007734282 0.996966122 58.289553239
0.996556423 0.025004450 -0.079057405 -3.808981482 -0.024968785 0.999687194 0.001439785 -0.928023487 0.079068677 0.000539141 0.996869025 59.190403717
0.996409540 0.027000798 -0.080243290 -3.879502466 -0.027366207 0.999619496 -0.003457310 -0.941232933 0.080119408 0.005640851 0.996769312 60.096561004
0.996154493 0.031351905 -0.081812491 -3.945123414 -0.031654094 0.999496005 -0.002398960 -0.955858429 0.081696046 0.004979435 0.996644852 60.998393090
0.996043857 0.033792473 -0.082187003 -4.053496233 -0.033918036 0.999424609 -0.000131685 -0.969148944 0.082135263 0.002918786 0.996616917 61.899325137
0.995887043 0.037244466 -0.082594473 -4.163255472 -0.037206599 0.999305597 0.001998117 -1.020507408 0.082611538 0.001083160 0.996581236 62.803544209
0.995720025 0.038004953 -0.084245205 -4.219645164 -0.037995156 0.999276443 0.001720176 -1.031332930 0.084249624 0.001488096 0.996443569 63.651070604
0.995519626 0.039623783 -0.085852371 -4.305579767 -0.039547656 0.999214334 0.002587978 -1.044455010 0.085887465 0.000818878 0.996304508 64.506464123
0.995373398 0.040752864 -0.087011513 -4.391903789 -0.040614868 0.999169238 0.003356437 -1.064027266 0.087076012 0.000193053 0.996201652 65.341044037
0.995200284 0.041171035 -0.088776914 -4.473279756 -0.040972467 0.999152033 0.004058627 -1.091861124 0.088868732 -0.000401738 0.996043266 66.188720875
0.995066772 0.041136473 -0.090276855 -4.539224126 -0.040896795 0.999153225 0.004503897 -1.077347973 0.090385685 -0.000789644 0.995906524 66.978740069
0.994824541 0.043833752 -0.091666434 -4.617913873 -0.043354231 0.999033697 0.007216851 -1.083332639 0.091894199 -0.003205373 0.995763617 67.769981675
0.994621345 0.045828076 -0.092887927 -4.692551322 -0.044966549 0.998924039 0.011347838 -1.091034525 0.093308032 -0.007109952 0.995611902 68.564273068
0.994297629 0.049243278 -0.094590302 -4.775792000 -0.048207670 0.998750058 0.013203839 -1.104878140 0.095122270 -0.008568568 0.995428718 69.345056190
0.994002410 0.051667855 -0.096382785 -4.850672351 -0.051024825 0.998655687 0.009126091 -1.108322974 0.096724742 -0.004153442 0.995302503 70.093869028
0.993831381 0.051608861 -0.098161661 -4.927524384 -0.051661224 0.998662645 0.002009915 -1.121010329 0.098134113 0.003073635 0.995168452 70.825497698
0.993697639 0.051208148 -0.099713233 -5.006100682 -0.051855124 0.998646980 -0.003905722 -1.127844788 0.099378314 0.009051749 0.995008551 71.529521289
0.993585228 0.052050218 -0.100395065 -5.076566381 -0.052832189 0.998590155 -0.005144150 -1.134034897 0.099985769 0.010415243 0.994934354 72.221308832
0.993339981 0.054731590 -0.101391001 -5.142214677 -0.055184896 0.998474757 -0.001669302 -1.146027647 0.101144992 0.007253436 0.994845253 72.891375191
0.993185662 0.054576714 -0.102973891 -5.211134374 -0.054783931 0.998497899 0.000816899 -1.167846822 0.102863797 0.004829982 0.994683724 73.557126339
0.993289597 0.051390637 -0.103608775 -5.297795688 -0.051924282 0.998647999 -0.002458215 -1.177816109 0.103342366 0.007821530 0.994615091 74.191483276
0.993656984 0.043385512 -0.103747263 -5.357795769 -0.044433079 0.998981862 -0.007806464 -1.188147104 0.103302946 0.012366758 0.994573056 74.802898356
0.993932870 0.039233688 -0.102752944 -5.424886415 -0.040749981 0.999088678 -0.012698530 -1.199139672 0.102161093 0.016808666 0.994625849 75.403477212
0.994125118 0.041826743 -0.099828725 -5.481130783 -0.043331410 0.998976805 -0.012951154 -1.216627672 0.099184876 0.017200787 0.994920345 75.982970556
0.994277063 0.046774722 -0.096048152 -5.536608680 -0.047975783 0.998796086 -0.010232480 -1.228094322 0.095453897 0.014781905 0.995324092 76.564693673
0.994810389 0.045279788 -0.091115482 -5.595702674 -0.046095698 0.998913410 -0.006869217 -1.254688922 0.090705440 0.011033601 0.995816641 77.125891421
0.995464319 0.041528720 -0.085592957 -5.626966035 -0.041912974 0.999117627 -0.002696415 -1.266986733 0.085405453 0.006271640 0.996326540 77.671852579
0.996344778 0.037318533 -0.076840163 -5.673301320 -0.037393610 0.999300508 0.000462018 -1.282266063 0.076803655 0.002413002 0.997043317 78.187135929
0.996983296 0.040942878 -0.065939282 -5.711614380 -0.041034312 0.999157737 -0.000032296 -1.293179649 0.065882421 0.002737972 0.997823637 78.700674143
0.997649132 0.045947442 -0.050843299 -5.743319521 -0.046050369 0.998938754 -0.000854189 -1.304744947 0.050750094 0.003193533 0.998706278 79.210793644
0.998149209 0.051213273 -0.032792648 -5.755659545 -0.051273914 0.998684117 -0.001010421 -1.311223620 0.032697749 0.002689958 0.999461666 79.693648491
0.998708620 0.049646092 -0.010786972 -5.744788228 -0.049660715 0.998765549 -0.001091876 -1.325580234 0.010719449 0.001626155 0.999941223 80.175872158
0.998833353 0.045734358 0.015501688 -5.718062650 -0.045722730 0.998953559 -0.001103867 -1.337352632 -0.015535951 0.000393799 0.999879232 80.641360697
0.997953583 0.045454392 0.044972717 -5.673099839 -0.045470114 0.998965472 -0.000673863 -1.346288011 -0.044956821 -0.001372430 0.998987988 81.091070429
0.995948032 0.045309352 0.077682555 -5.605929977 -0.045407471 0.998968422 -0.000503717 -1.351720800 -0.077625242 -0.003025693 0.996978017 81.543183105
0.992334293 0.045461102 0.114917096 -5.522892023 -0.045616491 0.998958208 -0.001278591 -1.363612760 -0.114855503 -0.003973325 0.993374263 81.992226014
