1.000000000 0.000000000 0.000000000 0.000000000 0.000000000 1.000000000 0.000000000 0.000000000 0.000000000 0.000000000 1.000000000 0.000000000
0.999990365 -0.002580125 -0.003551590 -0.000919853 0.002571960 0.999994044 -0.002301658 -0.005812100 0.003557507 0.002292501 0.999991044 0.663238288
0.999968082 -0.001199797 -0.007899042 -0.003705900 0.001169336 0.999991868 -0.003859668 -0.010301264 0.007903609 0.003850308 0.999961353 1.354512147
0.999930887 -0.001274331 -0.011687468 -0.023812244 0.001213515 0.999985696 -0.005209120 -0.016997656 0.011693939 0.005194577 0.999918131 2.051992447
0.999865415 -0.000184620 -0.016404835 -0.045449295 0.000086249 0.999982014 -0.005996952 -0.020733879 0.016405647 0.005994730 0.999847447 2.771320228
0.999777258 -0.000876898 -0.021087071 -0.063107459 0.000746730 0.999980625 -0.006179960 -0.032399546 0.021092082 0.006162837 0.999758543 3.504632466
0.999675849 0.000837764 -0.025445941 -0.090435075 -0.001035549 0.999969350 -0.007760571 -0.036807462 0.025438659 0.007784406 0.999646076 4.248000241
0.999535560 0.003502346 -0.030272064 -0.124925876 -0.003768056 0.999954839 -0.008724828 -0.042262084 0.030240140 0.008834842 0.999503617 5.010216608
0.999381123 0.004165655 -0.034928768 -0.149775618 -0.004421352 0.999963969 -0.007246493 -0.049118733 0.034897323 0.007396441 0.999363532 5.803471271
0.999216825 0.003452787 -0.039418463 -0.185531282 -0.003643417 0.999982009 -0.004765243 -0.057997683 0.039401300 0.004905129 0.999211428 6.590718639
0.999050046 0.002722418 -0.043492451 -0.219267054 -0.002820684 0.999993606 -0.002198183 -0.064576107 0.043486188 0.002318773 0.999051337 7.404539490
0.998932630 0.004415708 -0.045979361 -0.268083009 -0.004559709 0.999985022 -0.003027466 -0.073810053 0.045965304 0.003233887 0.998937802 8.217209631
0.998778296 0.003739481 -0.049274042 -0.294901179 -0.003914003 0.999986403 -0.003445845 -0.078879862 0.049260487 0.003634494 0.998779352 9.036906715
0.998664341 0.000665133 -0.051663255 -0.334749871 -0.000885920 0.999990573 -0.004250796 -0.084937969 0.051659941 0.004290888 0.998655516 9.870563646
0.998542516 0.000360825 -0.053969567 -0.381343770 -0.000558404 0.999993198 -0.003645904 -0.093192206 0.053967885 0.003670727 0.998535925 10.703318898
0.998455425 -0.001058247 -0.055548571 -0.432542789 0.000852069 0.999992661 -0.003735210 -0.106368555 0.055552116 0.003682109 0.998448999 11.549892235
0.998351685 0.001515250 -0.057372616 -0.487846890 -0.001882422 0.999978090 -0.006346269 -0.115880451 0.057361743 0.006443807 0.998332664 12.384887513
0.998262421 0.001517174 -0.058905319 -0.544418583 -0.002055476 0.999956673 -0.009078899 -0.128223062 0.058888993 0.009184202 0.998222288 13.244929331
0.998105829 0.005711780 -0.061254627 -0.600176258 -0.006392554 0.999919902 -0.010923626 -0.141049245 0.061187327 0.011294508 0.998062395 14.119815895
0.998002838 0.006292617 -0.062854902 -0.654654862 -0.006962577 0.999921204 -0.010445506 -0.160639888 0.062784220 0.010862277 0.997968012 15.007322000
0.997883845 0.005591154 -0.064780941 -0.708465147 -0.006212932 0.999936511 -0.009400676 -0.173295755 0.064724267 0.009783263 0.997855228 15.900679448
0.997777867 0.006224910 -0.066336862 -0.772243538 -0.006770224 0.999945091 -0.007998741 -0.187736032 0.066283428 0.008430082 0.997765223 16.800145265
0.997712560 0.005850485 -0.067345526 -0.839885343 -0.006402237 0.999947665 -0.007979941 -0.204878061 0.067295314 0.008392849 0.997697800 17.696267334
0.997639053 0.006013963 -0.068411636 -0.916600644 -0.006639704 0.999938145 -0.008922997 -0.220232369 0.068353742 0.009356164 0.997617275 18.592613982
0.997526872 0.004372158 -0.070150012 -0.967435672 -0.005043712 0.999943110 -0.009398837 -0.241895403 0.070104928 0.009729409 0.997492174 19.459622295
0.997483092 0.004295165 -0.070774519 -1.031957287 -0.004834013 0.999960608 -0.007444076 -0.260826822 0.070739758 0.007767464 0.997464562 20.358488112
0.997476689 0.006381181 -0.070707387 -1.108148736 -0.006685338 0.999969387 -0.004065815 -0.280580941 0.070679277 0.004528258 0.997488814 21.265425519
0.997528803 0.007371027 -0.069870991 -1.178620914 -0.007417371 0.999972409 -0.000403842 -0.294850301 0.069866086 0.000921103 0.997555954 22.183724397
0.997635640 0.006229106 -0.068442153 -1.237838493 -0.006066347 0.999978257 0.002585635 -0.307328056 0.068456771 -0.002164327 0.997651736 23.091986315
0.997725474 0.006573669 -0.067086992 -1.302574040 -0.006355364 0.999973794 0.003466971 -0.319657667 0.067108024 -0.003032723 0.997741107 24.017511067
0.997844767 0.007051850 -0.065238732 -1.377556067 -0.007033574 0.999975134 0.000509822 -0.327608662 0.065240705 -0.000049862 0.997869555 24.947473705
0.997898272 0.008081352 -0.064294088 -1.449884322 -0.008368236 0.999956190 -0.004194023 -0.338471824 0.064257378 0.004723236 0.997922182 25.871602474
0.997976350 0.007159732 -0.063181824 -1.517001903 -0.007635238 0.999944294 -0.007287760 -0.348575774 0.063126126 0.007755420 0.997975423 26.816726652
0.998023219 0.004570159 -0.062679884 -1.577915923 -0.004985006 0.999966685 -0.006463706 -0.360605660 0.062648255 0.006763388 0.998012752 27.765734191
0.998034502 0.003006295 -0.062594681 -1.649048905 -0.003115457 0.999993792 -0.001646428 -0.372432532 0.062589343 0.001838203 0.998037672 28.725993107
0.997991311 -0.000703418 -0.063347043 -1.718033251 0.000824304 0.999997889 0.001882203 -0.387671934 0.063345586 -0.001930639 0.997989784 29.699905107
0.997891584 -0.008018939 -0.064405614 -1.776643979 0.008104793 0.999966581 0.001071856 -0.396396930 0.064394866 -0.001591590 0.997923228 30.663108467
0.997784824 -0.009937345 -0.065777612 -1.844348179 0.009760388 0.999947833 -0.003011057 -0.404517221 0.065804103 0.002362372 0.997829765 31.617190759
0.997704159 -0.009483545 -0.067055748 -1.918152296 0.009019321 0.999933243 -0.007222315 -0.415124766 0.067119765 0.006600937 0.997723090 32.592973346
0.997584064 -0.007591963 -0.069053588 -1.995392244 0.007019393 0.999938977 -0.008530553 -0.426722643 0.069114138 0.008025229 0.997576479 33.570557728
0.997513149 -0.007182244 -0.070113718 -2.035046097 0.006725546 0.999954618 -0.006747576 -0.458821338 0.070158998 0.006259243 0.997516184 34.499371174
0.997489209 -0.003204195 -0.070746103 -2.118720783 0.002913458 0.999986884 -0.004212391 -0.480086359 0.070758673 0.003995699 0.997485461 35.457280853
0.997409223 -0.002415595 -0.071895804 -2.196940960 0.002198316 0.999992775 -0.003101118 -0.501835823 0.071902775 0.002935034 0.997407327 36.431652625
0.997332795 -0.000465357 -0.072986850 -2.264747280 0.000409347 0.999999610 -0.000782362 -0.517784402 0.072987186 0.000750398 0.997332596 37.385287459
0.997260357 -0.000887315 -0.073966162 -2.326727645 0.001045412 0.999997251 0.002098728 -0.522961728 0.073964097 -0.002170304 0.997258543 38.406671219
0.997173455 0.004911090 -0.074973211 -2.404030214 -0.004602232 0.999980200 0.004291795 -0.534597844 0.074992804 -0.003934620 0.997176312 39.385781488
0.997108288 0.004792709 -0.075842543 -2.471307929 -0.004513142 0.999982377 0.003857109 -0.550971401 0.075859692 -0.003503667 0.997112346 40.365412271
0.997123081 0.004257447 -0.075679826 -2.559758265 -0.004122462 0.999989621 0.001939758 -0.548402835 0.075687299 -0.001622190 0.997130283 41.398515754
0.997097296 0.006516919 -0.075858507 -2.644129523 -0.006584649 0.999978114 -0.000642769 -0.556419767 0.075852657 0.001140405 0.997118385 42.392121133
0.997019659 0.006553071 -0.076869090 -2.729477830 -0.006630885 0.999977729 -0.000757099 -0.570648909 0.076862416 0.001264553 0.997040907 43.373252965
0.996927957 0.004743895 -0.078180198 -2.812613396 -0.004770956 0.999988606 -0.000159358 -0.575500286 0.078178551 0.000531862 0.996939231 44.359490883
0.996862091 0.005237740 -0.078984411 -2.897494898 -0.005198331 0.999986240 0.000704545 -0.587284573 0.078987014 -0.000291747 0.996875602 45.337238598
0.996826697 0.007511446 -0.079247168 -2.989175153 -0.007779042 0.999965035 -0.003068544 -0.601757987 0.079221348 0.003675274 0.996850275 46.303290286
0.996780528 0.008303170 -0.079747333 -3.086024499 -0.008932788 0.999931662 -0.007541658 -0.614937357 0.079679263 0.008229744 0.996786580 47.259613724
0.996709329 0.009202248 -0.080534670 -3.170282900 -0.009965412 0.999909123 -0.009079404 -0.629482940 0.080443800 0.009852088 0.996710455 48.224771692
0.996653631 0.008017557 -0.081346529 -3.239314195 -0.008506679 0.999947754 -0.005668020 -0.649361476 0.081296835 0.006341041 0.996669763 49.201461279
0.996636156 0.006248011 -0.081714964 -3.320263502 -0.006497412 0.999975009 -0.002786525 -0.666277021 0.081695511 0.003308087 0.996651845 50.175941933
0.996625720 0.004639178 -0.081949085 -3.401221310 -0.004829159 0.999986092 -0.002120236 -0.685631654 0.081938109 0.002508827 0.996634262 51.122252678
0.996631410 0.001725276 -0.081993022 -3.482571817 -0.002016438 0.999991952 -0.003468391 -0.703556340 0.081986379 0.003622041 0.996626868 52.073339480
0.996562951 -0.001296131 -0.082828767 -3.550188201 0.000893128 0.999987585 -0.004902361 -0.718846457 0.082834093 0.004811535 0.996551736 53.017136106
0.996450084 -0.002682442 -0.084142940 -3.631050807 0.002364258 0.999989674 -0.003880879 -0.734979251 0.084152481 0.003668167 0.996446137 53.960033270
0.996278720 -0.006436654 -0.085949296 -3.704474343 0.006483056 0.999978951 0.000260763 -0.750486411 0.085945809 -0.000817007 0.996299478 54.900920557
0.996195804 -0.007249074 -0.086841071 -3.784141687 0.007705971 0.999958169 0.004927223 -0.761302316 0.086801720 -0.005577673 0.996209993 55.844080067
0.996108485 -0.005966968 -0.087933392 -3.867449433 0.006621042 0.999952529 0.007148495 -0.772653470 0.087886563 -0.007702887 0.996100707 56.773500867
0.995987983 -0.004806976 -0.089357878 -3.959600747 0.005075137 0.999983274 0.002774017 -0.782189728 0.089343048 -0.003216391 0.995995720 57.701499972
0.995873835 -0.003516545 -0.090680421 -4.049457114 0.003035610 0.999980590 -0.005440996 -0.792212323 0.090697794 0.005143275 0.995865180 58.607392644
0.995778805 -0.001743914 -0.091768896 -4.140183824 0.000784732 0.999944700 -0.010487192 -0.807042940 0.091782110 0.010370910 0.995725107 59.500429533
0.995661605 0.003157893 -0.092994602 -4.235370566 -0.004104952 0.999941628 -0.009994495 -0.823111910 0.092957612 0.010332873 0.995616449 60.402276154
0.995561270 0.005994114 -0.093924586 -4.328446889 -0.006756659 0.999946731 -0.007802791 -0.845819805 0.093872812 0.008402773 0.995548737 61.287787737
0.995455447 0.008764693 -0.094824222 -4.422766606 -0.009434348 0.999933608 -0.006616058 -0.868815573 0.094759939 0.007480596 0.995472046 62.161303947
0.995330492 0.009385236 -0.096068357 -4.512171848 -0.010103879 0.999924475 -0.006996801 -0.887097351 0.095995435 0.007934793 0.995350147 62.997570067
0.995144444 0.011483327 -0.097753103 -4.601037731 -0.012161369 0.999905928 -0.006343250 -0.906584568 0.097671065 0.007501262 0.995190481 63.836821903
0.994971011 0.012290226 -0.099406422 -4.677785402 -0.012931634 0.999899500 -0.005810592 -0.925462726 0.099325018 0.007066859 0.995029949 64.648036974
0.994814118 0.012020162 -0.100996967 -4.763407845 -0.012617294 0.999906481 -0.005275646 -0.945992905 0.100924108 0.006522596 0.994872746 65.466673728
0.994688253 0.012506598 -0.102170761 -4.861852914 -0.013027367 0.999905321 -0.004431364 -0.964261468 0.102105666 0.005738842 0.994757005 66.290088866
0.994493833 0.015183809 -0.103689286 -4.947623798 -0.015456943 0.999878858 -0.001831087 -0.980090273 0.103648922 0.003423724 0.994608053 67.081939947
0.994340504 0.016855192 -0.104894540 -5.039271268 -0.016722432 0.999857869 0.002145057 -0.993569856 0.104915787 -0.000378826 0.994481038 67.870672732
0.994102563 0.019844262 -0.106612850 -5.129424234 -0.019545401 0.999801567 0.003847474 -1.005267188 0.106668045 -0.001740992 0.994293165 68.641170645
0.993942632 0.023161019 -0.107431894 -5.226141046 -0.023333011 0.999727689 -0.000344051 -1.021635922 0.107394671 0.002848676 0.994212387 69.365150753
0.993790950 0.022916732 -0.108877782 -5.310499089 -0.023883493 0.999685986 -0.007583402 -1.039068265 0.108669806 0.010136698 0.994026217 70.084607757
0.993641593 0.021818442 -0.110455155 -5.387303128 -0.023452866 0.999633526 -0.013519487 -1.053448124 0.110119702 0.016024014 0.993789154 70.781975993
0.993543430 0.022355444 -0.111228083 -5.466370263 -0.024149283 0.999598711 -0.014806406 -1.065825695 0.110852445 0.017396886 0.993684600 71.475048436
0.993380010 0.025478638 -0.112013370 -5.542386105 -0.026909084 0.999574277 -0.011276824 -1.087479200 0.111678365 0.014216349 0.993642712 72.134973510
0.993221949 0.025743289 -0.113346565 -5.620692944 -0.026927587 0.999597502 -0.008929632 -1.113027958 0.113071065 0.011921256 0.993515384 72.788488034
0.993132881 0.022543830 -0.114799198 -5.687776927 -0.024105272 0.999634599 -0.012231314 -1.132742575 0.114481509 0.014914586 0.993313414 73.426621518
0.993251242 0.014121672 -0.115119719 -5.744585658 -0.016258334 0.999712162 -0.017642532 -1.148509505 0.114837441 0.019395122 0.993194941 74.033889346
0.993356049 0.010193369 -0.114629206 -5.799361228 -0.012850118 0.999665113 -0.022461871 -1.169258353 0.114361856 0.023785634 0.993154373 74.640530422
0.993661742 0.012688850 -0.111693038 -5.869386928 -0.015365902 0.999614145 -0.023139807 -1.182189274 0.111356323 0.024709406 0.993473308 75.228505074
0.994071340 0.017650838 -0.107287556 -5.947644001 -0.019939791 0.999595085 -0.020299503 -1.198385563 0.106885810 0.022318445 0.994020780 75.789874917
0.994552117 0.016214533 -0.102971722 -5.999195979 -0.018112959 0.999682293 -0.017528106 -1.212843321 0.102654797 0.019297737 0.994529834 76.355397723
0.995153435 0.012597640 -0.097524054 -6.040409849 -0.013981650 0.999810829 -0.013521073 -1.229128580 0.097335272 0.014819089 0.995141316 76.897954606
0.995957129 0.008377439 -0.089438330 -6.073564332 -0.009320748 0.999905202 -0.010134592 -1.249309866 0.089344949 0.010927252 0.995940799 77.425620759
0.996811251 0.012029552 -0.078883583 -6.110800147 -0.012904519 0.999860637 -0.010591490 -1.261022289 0.078745179 0.011575671 0.996827568 77.948425575
0.997806318 0.017327118 -0.063893064 -6.147096643 -0.018087066 0.999772164 -0.011334849 -1.274529502 0.063682106 0.012465622 0.997892378 78.448178731
0.998692115 0.022590143 -0.045866601 -6.169722292 -0.023118848 0.999671882 -0.011029374 -1.285397958 0.045602396 0.012075332 0.998886684 78.941313669
0.999491391 0.020999082 -0.023999939 -6.166316180 -0.021263824 0.999715246 -0.010829464 -1.296065464 0.023765696 0.011334287 0.999653303 79.420630023
0.999847171 0.017406624 0.001626077 -6.138569629 -0.017389206 0.999797040 -0.010173256 -1.307997245 -0.001802829 0.010143425 0.999946929 79.885005456
0.999382701 0.016367885 0.031085503 -6.103377281 -0.016095330 0.999829973 -0.008998032 -1.319804206 -0.031227496 0.008492146 0.999476226 80.342135777
0.997783919 0.016203076 0.064534571 -6.059047439 -0.015735871 0.999846215 -0.007741364 -1.332623834 -0.064650081 0.006708701 0.997885445 80.796611411
0.994637139 0.016269514 0.102138456 -5.991225121 -0.015582636 0.999850310 -0.007519306 -1.344773777 -0.102245503 0.005887395 0.994741773 81.237764815
