1.000000000 0.000000000 0.000000000 0.000000000 0.000000000 1.000000000 0.000000000 0.000000000 0.000000000 0.000000000 1.000000000 0.000000000
0.999990935 -0.002648014 -0.003334440 -0.004148292 0.002640449 0.999993935 -0.002271107 -0.002983561 0.003340434 0.002262282 0.999991862 0.680522901
0.999970885 -0.001182589 -0.007538617 -0.012784703 0.001153122 0.999991683 -0.003912070 -0.005079729 0.007543181 0.003903263 0.999963932 1.376022699
0.999934767 -0.001120319 -0.011366894 -0.032033146 0.001058890 0.999984812 -0.005408716 -0.008126068 0.011372781 0.005396327 0.999920767 2.088664287
0.999838562 0.000233480 -0.017966506 -0.046632501 -0.000396080 0.999958995 -0.009047152 0.042538510 0.017963657 0.009052808 0.999797656 2.838178639
0.999747372 -0.000875032 -0.022459449 -0.065794171 0.000667050 0.999956846 -0.009266175 0.030467202 0.022466588 0.009248853 0.999704812 3.581869910
0.999629352 0.000888558 -0.027209732 -0.091716590 -0.001177433 0.999943100 -0.010602416 0.020284043 0.027198763 0.010630524 0.999573519 4.343236463
0.999471244 0.003490967 -0.032327166 -0.121406724 -0.003845953 0.999932920 -0.010925379 0.003295429 0.032286858 0.011043931 0.999417626 5.117330611
0.999314438 0.003930922 -0.036813077 -0.153301255 -0.004280638 0.999946414 -0.009425789 -0.006873898 0.036774052 0.009576911 0.999277715 5.909289904
0.999069473 0.003258584 -0.043006616 -0.158306437 -0.003546447 0.999971806 -0.006618878 -0.022377373 0.042983835 0.006765240 0.999052862 6.725466087
0.998893105 0.002857836 -0.046951011 -0.194907996 -0.003049978 0.999987263 -0.004021266 -0.034061714 0.046938921 0.004160014 0.998889099 7.542049171
0.998762323 0.004434979 -0.049539414 -0.240932793 -0.004674184 0.999977966 -0.004713769 -0.045337491 0.049517417 0.004939491 0.998761046 8.355421691
0.998413306 0.003898663 -0.056175350 -0.211007594 -0.004234492 0.999973862 -0.005860442 -0.040347188 0.056151034 0.006089017 0.998403719 9.212325245
0.998296804 0.000890085 -0.058332658 -0.253925836 -0.001269629 0.999978265 -0.006469818 -0.049583594 0.058325631 0.006532859 0.998276236 10.047793969
0.998150635 0.000687188 -0.060785172 -0.299563780 -0.001036809 0.999983101 -0.005720397 -0.060522039 0.060780214 0.005772841 0.998134480 10.897486479
0.998106861 -0.000900684 -0.061497020 -0.364927413 0.000558012 0.999984225 -0.005589122 -0.077657107 0.061501084 0.005544225 0.998091618 11.756141920
0.997982283 0.001301045 -0.063479676 -0.424846265 -0.001814258 0.999966132 -0.008027701 -0.089820586 0.063467082 0.008126672 0.997950844 12.618304814
0.997891127 0.001724283 -0.064887015 -0.485266712 -0.002434220 0.999938026 -0.010863671 -0.100940429 0.064864262 0.010998711 0.997833481 13.492352865
0.997757746 0.005460721 -0.066705780 -0.550631291 -0.006313768 0.999900884 -0.012584087 -0.114226592 0.066630450 0.012977035 0.997693329 14.374505682
0.997670808 0.006372432 -0.067914296 -0.616445370 -0.007216459 0.999899661 -0.012189742 -0.132248588 0.067829803 0.012651451 0.997616689 15.265783552
0.997547209 0.005476848 -0.069782302 -0.674000733 -0.006244772 0.999922274 -0.010791166 -0.149911235 0.069717776 0.011200472 0.997503875 16.167917885
0.997439477 0.005760771 -0.071283264 -0.739985795 -0.006411991 0.999939745 -0.008910217 -0.172618830 0.071227639 0.009344470 0.997416314 17.070745904
0.997348142 0.005147727 -0.072596043 -0.802331361 -0.005815348 0.999942697 -0.008988012 -0.187973325 0.072545616 0.009386349 0.997320926 17.982418382
0.997208152 0.005217331 -0.074489471 -0.872318140 -0.005985566 0.999931142 -0.010093820 -0.203043208 0.074431679 0.010511501 0.997170714 18.887959864
0.997098237 0.003743072 -0.076033518 -0.930968468 -0.004615830 0.999925430 -0.011306104 -0.214048293 0.075985528 0.011624254 0.997041161 19.793009801
0.997026243 0.003817178 -0.076968174 -1.001127299 -0.004567345 0.999943749 -0.009572780 -0.230416866 0.076927303 0.009895853 0.996987594 20.721549715
0.996361949 -0.002210635 -0.085193779 -0.864208432 0.002089284 0.999996672 -0.001513545 -0.264279596 0.085196841 0.001330045 0.996363252 21.599007980
0.996438301 -0.001124693 -0.084317537 -0.948877089 0.001320605 0.999996557 0.002267765 -0.275895351 0.084314696 -0.002371038 0.996436355 22.532551311
0.996571462 -0.002125745 -0.082709148 -1.032509608 0.002556666 0.999983704 0.005104512 -0.284943143 0.082696949 -0.005298470 0.996560656 23.479552173
0.996698118 -0.001511904 -0.081182359 -1.111768920 0.001987796 0.999981311 0.005781510 -0.292970099 0.081172101 -0.005923794 0.996682496 24.414387196
0.996811815 -0.001055625 -0.079781515 -1.193264189 0.001285345 0.999995175 0.002828054 -0.300664791 0.079778145 -0.002921585 0.996808363 25.358030065
0.996902449 -0.000313638 -0.078647368 -1.284611263 0.000141046 0.999997570 -0.002200055 -0.304225711 0.078647866 0.002182147 0.996900071 26.303076751
0.996993624 -0.000855007 -0.077478915 -1.361168966 0.000446147 0.999985886 -0.005294203 -0.313196567 0.077482348 0.005243720 0.996979934 27.251471732
0.997045982 -0.003278012 -0.076736982 -1.439067604 0.002953840 0.999986230 -0.004337573 -0.323190654 0.076750144 0.004098091 0.997041935 28.220459165
0.997036944 -0.005243928 -0.076745257 -1.518867511 0.005330912 0.999985359 0.000928598 -0.336373618 0.076739264 -0.001334969 0.997050301 29.191330316
0.996921449 -0.009482882 -0.077831229 -1.589848979 0.009879732 0.999940076 0.004715373 -0.350182932 0.077781850 -0.005469808 0.996955398 30.174650188
0.996727968 -0.016137612 -0.079201867 -1.648855356 0.016492655 0.999856649 0.003830605 -0.360852647 0.079128697 -0.005124320 0.996851238 31.137282362
0.996574164 -0.017466275 -0.080838510 -1.715584907 0.017486195 0.999846998 -0.000461573 -0.369521055 0.080834203 -0.000953566 0.996727105 32.101506963
0.996489991 -0.016950271 -0.081977962 -1.806223394 0.016642970 0.999851680 -0.004430507 -0.382587392 0.082040901 0.003050599 0.996624294 33.071818802
0.996347142 -0.015525906 -0.083972129 -1.895781030 0.015147024 0.999872029 -0.005147249 -0.396613490 0.084041298 0.003856519 0.996454810 34.071098280
0.996280564 -0.015115314 -0.084832568 -1.984748056 0.014831606 0.999882110 -0.003973606 -0.409895148 0.084882630 0.002700623 0.996387297 35.070328566
0.996217386 -0.011483978 -0.086133839 -2.073246193 0.011417356 0.999934018 -0.001266082 -0.428116334 0.086142696 0.000277872 0.996282771 36.063113889
0.996108425 -0.011254764 -0.087414738 -2.169780883 0.011289997 0.999936262 -0.000091349 -0.439954149 0.087410195 -0.000895918 0.996172001 37.073776900
0.996004200 -0.007090587 -0.089024473 -2.243300216 0.007338783 0.999970043 0.002460943 -0.478483621 0.089004356 -0.003104440 0.996026399 38.030200162
0.995982490 -0.007107002 -0.089265723 -2.329631590 0.007620872 0.999956288 0.005417129 -0.487620402 0.089223322 -0.006075648 0.995993115 39.041842119
0.995934933 -0.001346337 -0.090065508 -2.422989446 0.002069964 0.999966323 0.007941529 -0.497368985 0.090051783 -0.008095678 0.995904180 40.057513779
0.995902741 -0.001511491 -0.090418168 -2.515715412 0.002190932 0.999970104 0.007415643 -0.505328450 0.090404256 -0.007583359 0.995876279 41.056901165
0.995910671 -0.001271014 -0.090334489 -2.608957204 0.001783363 0.999982779 0.005591193 -0.510623304 0.090325827 -0.005729428 0.995895787 42.047873237
0.995919214 0.000816785 -0.090245513 -2.709856432 -0.000524632 0.999994545 0.003260985 -0.515992593 0.090247684 -0.003200332 0.995914210 43.031412593
0.995821873 0.000356153 -0.091316315 -2.803448853 -0.000059619 0.999994717 0.003250032 -0.525085420 0.091316990 -0.003231009 0.995816634 44.019324953
0.995707770 -0.001600672 -0.092539047 -2.893144506 0.002031230 0.999987546 0.004558721 -0.536637429 0.092530598 -0.004727122 0.995698620 45.011381950
0.995587847 -0.001605671 -0.093820363 -2.981863318 0.002147436 0.999981598 0.005673824 -0.544496170 0.093809526 -0.005850264 0.995572974 46.009503556
0.995600348 0.000500126 -0.093700036 -3.100925292 -0.000317369 0.999998018 0.001965340 -0.552658211 0.093700833 -0.001926955 0.995598534 47.023560062
0.995477116 -0.000119488 -0.095001567 -3.195837425 -0.000075561 0.999997897 -0.002049515 -0.557731935 0.095001612 0.002047424 0.995475013 48.023516083
0.995409501 0.000766693 -0.095704430 -3.291861275 -0.001091344 0.999993827 -0.003339937 -0.570263822 0.095701278 0.003429051 0.995404193 48.996120713
0.995401849 -0.000450774 -0.095785990 -3.387082327 0.000488176 0.999999813 0.000367042 -0.589154652 0.095785806 -0.000412115 0.995401883 49.971599746
0.995362374 -0.002293404 -0.096169038 -3.477907734 0.002642355 0.999990379 0.003501318 -0.603174413 0.096160083 -0.003739193 0.995358858 50.940051631
0.995347080 -0.003984610 -0.096272074 -3.575896064 0.004411467 0.999981359 0.004221422 -0.616257347 0.096253459 -0.004626481 0.995346104 51.906543323
0.995310720 -0.007095575 -0.096468774 -3.667536670 0.007404756 0.999968531 0.002847357 -0.626200965 0.096445534 -0.003548332 0.995331939 52.867320965
0.995238287 -0.009815116 -0.096976370 -3.758965958 0.010010978 0.999948713 0.001533318 -0.637392483 0.096956346 -0.002496845 0.995285503 53.825100583
0.995114375 -0.011281497 -0.098082147 -3.852554800 0.011602110 0.999929051 0.002699068 -0.647632439 0.098044739 -0.003823841 0.995174662 54.773415902
0.994959013 -0.014146989 -0.099279525 -3.945101904 0.014890998 0.999866291 0.006757041 -0.655793899 0.099170659 -0.008201350 0.995036642 55.735185444
0.994887804 -0.014794030 -0.099896915 -4.039413887 0.016041583 0.999802908 0.011696668 -0.661990836 0.099704186 -0.013239377 0.994929040 56.678018957
0.994852225 -0.013003295 -0.100498577 -4.139354360 0.014486552 0.999796442 0.014043289 -0.667735379 0.100295511 -0.015426875 0.994838088 57.621689443
0.994714285 -0.012011897 -0.101976492 -4.239632766 0.013107015 0.999863334 0.010075654 -0.673277194 0.101841528 -0.011359004 0.994735782 58.555860830
0.994581911 -0.010785393 -0.103394864 -4.338829966 0.011081989 0.999935960 0.002294545 -0.679229371 0.103363495 -0.003427933 0.994637742 59.476270489
0.994520414 -0.009175872 -0.104139086 -4.441422261 0.008953495 0.999956530 -0.002602672 -0.688519344 0.104158441 0.001656002 0.994559338 60.391263206
0.994436203 -0.004361860 -0.105250239 -4.546684588 0.004203867 0.999989679 -0.001722917 -0.700983811 0.105256668 0.001270873 0.994444276 61.302909373
0.994351070 -0.001458198 -0.106131159 -4.652706490 0.001528757 0.999998661 0.000583474 -0.717683957 0.106130167 -0.000742427 0.994351968 62.210776988
0.994221030 0.001060614 -0.107347191 -4.730245595 -0.000811508 0.999996876 0.002364213 -0.731219944 0.107349364 -0.002263437 0.994218784 62.898684157
0.993973938 0.000607166 -0.109614976 -4.801090807 -0.000749071 0.999998934 -0.001253407 -0.626667534 0.109614098 0.001327963 0.993973333 63.903553540
0.993778611 0.002224553 -0.111351355 -4.901782389 -0.002280881 0.999997327 -0.000378479 -0.640939649 0.111350216 0.000630103 0.993781028 64.756975491
0.993623694 0.003045244 -0.112706175 -5.001153680 -0.003031111 0.999995362 0.000296756 -0.658139745 0.112706556 0.000046761 0.993628316 65.596346312
0.993603916 0.002440168 -0.112895098 -5.156174086 -0.002419375 0.999997022 0.000321189 -0.657181167 0.112895545 -0.000045999 0.993606861 66.393776043
0.993235728 0.004629655 -0.116023080 -5.138950869 -0.004399320 0.999987811 0.002241248 -0.708879285 0.116032042 -0.001715665 0.993243989 67.124950811
0.993035189 0.007369211 -0.117587448 -5.234016336 -0.006809270 0.999963488 0.005162942 -0.723603034 0.117621202 -0.004326299 0.993049111 67.908798588
0.992666779 0.009930941 -0.120474239 -5.249969228 -0.008805415 0.999912508 0.009871230 -0.754327733 0.120561729 -0.008738017 0.992667375 68.627776682
0.992615461 0.012037497 -0.120704783 -5.426071800 -0.010804943 0.999882643 0.010860637 -0.738987773 0.120821352 -0.009476228 0.992629035 69.475316201
0.992428818 0.014646400 -0.121944758 -5.530622099 -0.013942339 0.999880854 0.006624936 -0.748236978 0.122027260 -0.004874583 0.992514779 70.220730836
0.992244459 0.014473915 -0.123456224 -5.614500515 -0.014654510 0.999892463 -0.000554835 -0.763616414 0.123434917 0.002359722 0.992349864 70.922438970
0.992074050 0.013363256 -0.124942001 -5.708793143 -0.014276957 0.999877466 -0.006420418 -0.773481165 0.124840894 0.008153322 0.992143273 71.633357234
0.992035369 0.014126033 -0.125165016 -5.812331610 -0.015221805 0.999853698 -0.007802520 -0.779788238 0.125036486 0.009645613 0.992105256 72.327679115
0.991919172 0.017028059 -0.125723510 -5.914634886 -0.017709293 0.999833920 -0.004302746 -0.793997643 0.125629362 0.006494451 0.992055989 73.003811184
0.991817163 0.017324714 -0.126485449 -6.018972066 -0.017720618 0.999840966 -0.002005397 -0.812745251 0.126430591 0.004230387 0.991966436 73.662430465
0.991727141 0.013989674 -0.127599244 -6.104142511 -0.014799020 0.999875923 -0.005396992 -0.826694498 0.127507910 0.007240688 0.991811124 74.303253276
0.991818448 0.005948384 -0.127517775 -6.175674629 -0.007349405 0.999917663 -0.010519172 -0.844747256 0.127444703 0.011370289 0.991780502 74.920010034
0.992017172 0.001805168 -0.126089935 -6.260605419 -0.003759836 0.999876400 -0.015265906 -0.860371086 0.126046793 0.015618119 0.991901346 75.527660047
0.992460835 0.004199286 -0.122490228 -6.357270050 -0.006116728 0.999864514 -0.015282002 -0.880216691 0.122409459 0.015916028 0.992352057 76.120549637
0.992924114 0.009205111 -0.118393284 -6.438277423 -0.010739759 0.999866295 -0.012330811 -0.894450050 0.118263947 0.013515075 0.992890216 76.694938346
0.993458029 0.007740072 -0.113935226 -6.497851869 -0.008859818 0.999917272 -0.009324825 -0.907605971 0.113853626 0.010273267 0.993444418 77.255933065
0.994127643 0.004182312 -0.108132967 -6.550362633 -0.004738555 0.999976828 -0.004887617 -0.925724199 0.108110020 0.005371309 0.994124425 77.801370815
0.994975510 -0.000165308 -0.100118467 -6.591757262 0.000029836 0.999999082 -0.001354609 -0.942435215 0.100118599 0.001344815 0.994974601 78.329103884
0.995993805 0.003503578 -0.089353602 -6.639151476 -0.003642597 0.999992396 -0.001392819 -0.955938336 0.089348043 0.001712718 0.995998993 78.839489809
0.997196540 0.008731858 -0.074315649 -6.679214415 -0.008894703 0.999958710 -0.001860571 -0.966182809 0.074296334 0.002516371 0.997233033 79.339760345
0.998317340 0.013849199 -0.056308868 -6.705827618 -0.013939456 0.999902108 -0.001210423 -0.975691633 0.056286593 0.001993301 0.998412663 79.829224974
0.999334646 0.012257044 -0.034351574 -6.707314370 -0.012285544 0.999924338 -0.000618695 -0.983688036 0.034341391 0.001040311 0.999409619 80.311697290
0.999927653 0.008795728 -0.008205061 -6.690518566 -0.008793365 0.999961285 0.000324029 -0.992282844 0.008207594 -0.000251855 0.999966285 80.779717424
0.999741388 0.007747452 0.021380698 -6.661532604 -0.007792622 0.999967576 0.002030145 -1.002860698 -0.021364276 -0.002196231 0.999769346 81.236589667
0.998492886 0.007396291 0.054380624 -6.615018443 -0.007601193 0.999964766 0.003562047 -1.011654679 -0.054352362 -0.003970036 0.998513926 81.686986317
0.995748249 0.007367465 0.091821267 -6.548465955 -0.007779432 0.999961213 0.004129508 -1.019900645 -0.091787281 -0.004826268 0.995766942 82.132753041
0.991038410 0.007603966 0.133360600 -6.462359627 -0.008219590 0.999957951 0.004066295 -1.024327112 -0.133324073 -0.005126024 0.991059239 82.570172575
0.983922150 0.007340321 0.178446973 -6.356364014 -0.008205335 0.999957890 0.004109899 -1.031371144 -0.178409291 -0.005508038 0.983940947 82.991395693
0.973724349 0.009464668 0.227533103 -6.233037067 -0.010233097 0.999945225 0.002197774 -1.041582692 -0.227499838 -0.004468395 0.973767866 83.393666106
0.959705782 0.010324962 0.280817033 -6.088085904 -0.010607818 0.999943604 -0.000512772 -1.052007174 -0.280806491 -0.002486746 0.959761184 83.778705782
0.941392527 0.010495650 0.337149745 -5.919810975 -0.010236285 0.999944364 -0.002546950 -1.059934978 -0.337157719 -0.001053481 0.941447589 84.151891027
0.918679729 0.010985938 0.394850434 -5.730584895 -0.010127875 0.999939649 -0.004257312 -1.067062069 -0.394873375 -0.000087890 0.918735550 84.503140067
0.891143247 0.011005833 0.453588563 -5.521335717 -0.009283792 0.999938765 -0.006023014 -1.073538694 -0.453627076 0.001156346 0.891190854 84.837398139
0.859160937 0.009120731 0.511624175 -5.289521935 -0.006106974 0.999952692 -0.007570842 -1.085833992 -0.511669023 0.003380096 0.859175993 85.148568611
0.823545858 0.008559205 0.567185119 -5.041781509 -0.004734822 0.999955046 -0.008215092 -1.099122232 -0.567229937 0.004079985 0.823549363 85.442406903
0.784498388 0.007278472 0.620088142 -4.775341464 -0.003770107 0.999968618 -0.006967719 -1.109200476 -0.620119396 0.003128365 0.784501209 85.726714669
0.742723471 0.007050872 0.669561148 -4.487479304 -0.005129353 0.999975129 -0.004840492 -1.115021799 -0.669578626 0.000160732 0.742741165 85.992081759
0.698425435 0.005968517 0.715657941 -4.189025062 -0.004241909 0.999982183 -0.004199986 -1.122494333 -0.715670258 -0.000102379 0.698438309 86.230617289
0.652413839 0.004867809 0.757847272 -3.872725635 -0.001093568 0.999984378 -0.005481677 -1.128143385 -0.757862116 0.002747565 0.652408970 86.451693814
0.606229876 0.002073609 0.795286764 -3.546055456 0.004705460 0.999969745 -0.006194165 -1.135732802 -0.795275547 0.007497278 0.606201777 86.644832961
0.560142355 0.004118265 0.828386131 -3.217135417 0.002964950 0.999971271 -0.006976144 -1.144615155 -0.828391062 0.006363757 0.560114052 86.824710534
0.513418318 0.007083994 0.858109228 -2.881790913 -0.000787412 0.999969394 -0.007783980 -1.153336889 -0.858138107 0.003320752 0.513408183 86.992521526
0.468385183 0.009196392 0.883476512 -2.537718389 -0.001427385 0.999952399 -0.009652082 -1.161779238 -0.883523221 0.003259831 0.468376014 87.140339895
0.426556148 0.006458150 0.904438027 -2.183301761 0.005896444 0.999933401 -0.009920950 -1.167822266 -0.904441864 0.009564810 0.426489659 87.260122668
0.387608048 -0.001410981 0.921823199 -1.817548324 0.020970988 0.999753524 -0.007287613 -1.171323118 -0.921585709 0.022156280 0.387542101 87.355777412
0.352678388 -0.005150918 0.935730422 -1.454171100 0.025128633 0.999676351 -0.003968103 -1.174733660 -0.935407134 0.024913090 0.352693679 87.453052261
0.319900476 -0.000978047 0.947450647 -1.088993718 0.022413693 0.999727418 -0.006535824 -1.181475113 -0.947185996 0.023326681 0.319835199 87.557327297
0.288993144 0.006878650 0.957306454 -0.723277354 0.011388511 0.999878724 -0.010622531 -1.196035477 -0.957263425 0.013972134 0.288879759 87.666710041
0.261064367 0.011362819 0.965254517 -0.341380821 0.006808757 0.999884171 -0.013611982 -1.212130049 -0.965297383 0.010125787 0.260956762 87.759597200
0.235639067 0.013055270 0.971752947 0.051423048 0.008203763 0.999847418 -0.015422032 -1.225654238 -0.971806014 0.011606064 0.235496010 87.834914836
0.212339821 0.014286171 0.977091452 0.460097534 0.015596803 0.999716214 -0.018006440 -1.234602775 -0.977071410 0.019062987 0.212056743 87.898737054
0.192326073 0.020498683 0.981116958 0.872674773 0.022575787 0.999424788 -0.025306672 -1.233425438 -0.981071361 0.027016621 0.191752671 87.953285825
0.172770781 0.027259645 0.984584770 1.293390725 0.024610115 0.999185404 -0.031982364 -1.233123939 -0.984654558 0.029756362 0.171959179 88.012056447
0.155289000 0.028182953 0.987466986 1.732255137 0.022113928 0.999243307 -0.031996692 -1.245628824 -0.987621537 0.026805508 0.154548258 88.076060011
0.139870266 0.023890636 0.989881582 2.188691504 0.020265089 0.999430418 -0.026984552 -1.267440024 -0.989962441 0.023834375 0.139306453 88.134748302
0.125415891 0.020674382 0.991888817 2.657385993 0.020636541 0.999512170 -0.023442594 -1.286939464 -0.991889605 0.023409228 0.124928061 88.185945004
0.112326972 0.018100198 0.993506434 3.133782360 0.022891990 0.999521586 -0.020797979 -1.303519066 -0.993407574 0.025079513 0.111858884 88.226510085
0.100682772 0.017145915 0.994770826 3.642551418 0.026658276 0.999446019 -0.019924635 -1.317128761 -0.994561368 0.028524943 0.100169916 88.268984805
0.090679800 0.017819076 0.995720671 4.149052972 0.029868437 0.999341459 -0.020603976 -1.328529206 -0.995432092 0.031608985 0.090087856 88.303750992
0.082860594 0.018467325 0.996390024 4.679210524 0.031871114 0.999267740 -0.021171089 -1.340615661 -0.996051381 0.033510309 0.082211344 88.342436263
0.077219293 0.018768493 0.996837461 5.226112062 0.033413425 0.999212448 -0.021401556 -1.355876386 -0.996454075 0.034960367 0.076531359 88.380963252
0.071653490 0.019820093 0.997232641 5.766997049 0.034741365 0.999146295 -0.022354376 -1.371914435 -0.996824365 0.036246992 0.070903742 88.412949305
0.065642982 0.020642868 0.997629626 6.358877697 0.035012889 0.999122680 -0.022977573 -1.385924870 -0.997228708 0.036438212 0.064862626 88.452711841
0.061358195 0.020725068 0.997900618 6.962281462 0.037391392 0.999034877 -0.023047721 -1.401122304 -0.997415187 0.038727060 0.060524037 88.485831791
0.058474177 0.020652497 0.998075270 7.581452176 0.038801652 0.998983473 -0.022944560 -1.418573416 -0.997534562 0.040068634 0.057613385 88.518273252
0.055367535 0.020293013 0.998259801 8.217204924 0.039656698 0.998959855 -0.022506766 -1.435086363 -0.997678196 0.040833832 0.054505191 88.553182714
0.052956863 0.019704493 0.998402376 8.864926999 0.041373095 0.998903533 -0.021908879 -1.453835503 -0.997739364 0.042467222 0.052083562 88.587554339
0.054799265 0.020235299 0.998292329 9.402996297 0.046943725 0.998636857 -0.022819164 -1.416329493 -0.997393266 0.048114034 0.053774645 88.480366417
0.053169912 0.018758298 0.998409278 10.209327908 0.049287293 0.998555662 -0.021385825 -1.494341666 -0.997368399 0.050345973 0.052168571 88.653063069
0.055666260 0.018694771 0.998274398 10.902282637 0.050895640 0.998471738 -0.021536533 -1.512980396 -0.997151393 0.052006672 0.054629705 88.689505766
0.069240155 0.016569183 0.997462412 11.753293748 0.070466099 0.997283358 -0.021457704 -1.509107899 -0.995108200 0.071773020 0.067884488 88.441433358
0.082757119 0.014174873 0.996468932 12.607614925 0.090008361 0.995705899 -0.021639247 -1.499405655 -0.992496728 0.091481337 0.081125895 88.205179214
0.086945418 0.012504944 0.996134590 13.363156343 0.091553370 0.995589361 -0.020489134 -1.519176483 -0.991997215 0.092980915 0.085417064 88.270143460
0.091110812 0.010959691 0.995780450 14.123682095 0.091455776 0.995621591 -0.019325862 -1.538370555 -0.991632321 0.092830669 0.089709565 88.337075285
0.095028200 0.009088438 0.995433092 14.901848897 0.088047400 0.995962576 -0.017498644 -1.561114434 -0.991573142 0.089308160 0.093844317 88.420083870
0.099276074 0.008086348 0.995027071 15.692678509 0.087263003 0.996043620 -0.016801034 -1.579831099 -0.991226225 0.088496991 0.098177662 88.500868686
0.103430259 0.009201109 0.994594149 16.489215031 0.084463387 0.996263987 -0.018000109 -1.602268651 -0.991043954 0.085868547 0.102266685 88.589800619
0.106732011 0.013356383 0.994198112 17.273641632 0.082303439 0.996359557 -0.022221096 -1.628267119 -0.990875583 0.084197626 0.105244183 88.671103421
0.107946242 0.018765504 0.993979610 18.073307558 0.076412249 0.996707542 -0.027115379 -1.656773745 -0.991215807 0.078879221 0.106156919 88.767919634
0.111497027 0.022887551 0.993501169 18.610119590 0.078842883 0.996379659 -0.031802114 -1.569495269 -0.990632229 0.081876338 0.109288850 88.689221936
0.111739931 0.022691982 0.993478365 19.428119005 0.076537453 0.996573064 -0.031371098 -1.601104039 -0.990785651 0.079543708 0.109620219 88.784944900
0.112931402 0.021713877 0.993365495 20.259566091 0.073078010 0.996871952 -0.030098446 -1.631161850 -0.990911753 0.075992233 0.110991341 88.845855963
0.112680282 0.020472606 0.993420367 21.075031244 0.073926113 0.996844060 -0.028928349 -1.665652665 -0.990877431 0.076699361 0.110811210 88.943547885
0.113559504 0.019860677 0.993332670 21.880332284 0.071340401 0.997056392 -0.028090886 -1.702185442 -0.990966592 0.074054738 0.111808361 89.028850165
0.113820063 0.020499324 0.993289873 22.705578282 0.069700073 0.997158905 -0.028566032 -1.734935531 -0.991053426 0.072483764 0.112067885 89.124065822
0.113908393 0.021076405 0.993267670 23.528013168 0.066572192 0.997365943 -0.028797896 -1.773308789 -0.991258302 0.069404328 0.112205249 89.224283137
0.111882825 0.023321823 0.993447697 24.310196592 0.064063660 0.997475600 -0.030631278 -1.801046880 -0.991654214 0.067071009 0.110106306 89.336088727
0.108863182 0.023276043 0.993784199 25.117941552 0.061092014 0.997679402 -0.030059544 -1.834715827 -0.992177692 0.063984656 0.107188574 89.433212926
0.104915382 0.022177823 0.994233829 25.928206830 0.058580514 0.997877471 -0.028440741 -1.869066904 -0.992754293 0.061226600 0.103393508 89.526465478
0.099879331 0.019814835 0.994802237 26.743558810 0.056343171 0.998084817 -0.025537140 -1.904558026 -0.993403023 0.058600945 0.098571613 89.617140258
0.093660801 0.017991598 0.995441589 27.563127831 0.054657810 0.998235938 -0.023184840 -1.935587764 -0.994102700 0.056580168 0.092512196 89.700960317
0.085824774 0.018116635 0.996145519 28.372264744 0.054058130 0.998277161 -0.022812882 -1.971021177 -0.994842614 0.055807675 0.084697560 89.781481719
0.077036069 0.019122283 0.996844914 29.176123865 0.053600147 0.998290787 -0.023292232 -2.000824654 -0.995586495 0.055225376 0.075879441 89.846833475
0.066981195 0.019665464 0.997560419 29.976962003 0.053503442 0.998296436 -0.023272462 -2.027276019 -0.996318675 0.054931733 0.065814918 89.902859863
0.054545479 0.018892855 0.998332535 30.805721413 0.054714957 0.998262239 -0.021880963 -2.052559495 -0.997011065 0.055817230 0.053416970 89.958550181
0.043949530 0.017936192 0.998872731 31.598368833 0.053528291 0.998360333 -0.020282190 -2.082686996 -0.997598697 0.054359343 0.042917374 89.992443978
0.033028631 0.017105799 0.999308011 32.394550564 0.055013869 0.998306567 -0.018906947 -2.108471036 -0.997939168 0.055600271 0.032031643 90.015365577
0.022136665 0.017419241 0.999603190 33.179947638 0.055124027 0.998305932 -0.018617382 -2.135981385 -0.998234096 0.055514280 0.021138945 90.030112685
0.011309397 0.017975842 0.999774458 33.953421095 0.055631546 0.998278508 -0.018578246 -2.162988548 -0.998387314 0.055829108 0.010289904 90.033897124
0.000854419 0.019077741 0.999817638 34.731131933 0.055336140 0.998285161 -0.019095788 -2.189392637 -0.998467416 0.055342364 -0.000202735 90.032954835
-0.008584519 0.019420153 0.999774556 35.429018956 0.056778892 0.998207826 -0.018902191 -2.221962388 -0.998349870 0.056603825 -0.009671789 90.008471159
-0.017930938 0.020221381 0.999634722 36.200856131 0.057959840 0.998135202 -0.019151394 -2.245410333 -0.998157872 0.057595266 -0.019069529 89.993599994
-0.027695113 0.020358885 0.999409074 36.956812625 0.058022573 0.998139645 -0.018725134 -2.277136924 -0.997931041 0.057469691 -0.028824865 89.969681934
-0.036924303 0.020611321 0.999105485 37.698241674 0.058756413 0.998102409 -0.018419146 -2.303300024 -0.997589234 0.058023741 -0.038065283 89.938483781
-0.045026745 0.020162705 0.998782287 38.440274480 0.060182664 0.998035112 -0.017434488 -2.325654178 -0.997171319 0.059324361 -0.046151717 89.891083179
-0.052447827 0.019042223 0.998442096 39.185295644 0.062039871 0.997949016 -0.015773885 -2.345771879 -0.996694677 0.061115913 -0.053521634 89.854246932
-0.057433475 0.017253528 0.998200236 39.906874762 0.065032708 0.997791747 -0.013504679 -2.367976601 -0.996228961 0.064140043 -0.058428691 89.804646299
-0.061139496 0.015406080 0.998010328 40.612643838 0.068030819 0.997619988 -0.011232392 -2.391306625 -0.995808099 0.067208717 -0.062042072 89.752269771
-0.063738335 0.014188102 0.997865784 41.314208001 0.069699378 0.997520577 -0.009731170 -2.410976159 -0.995529719 0.068930376 -0.064569203 89.702796484
-0.070832300 0.014098745 0.997388596 41.925307723 0.070331684 0.997482104 -0.009105268 -2.418543911 -0.995005648 0.069503072 -0.071645540 89.779887884
-0.071508917 0.014431954 0.997335547 42.598568552 0.071085294 0.997426544 -0.009336458 -2.437824491 -0.994903692 0.070228251 -0.072350792 89.730527776
-0.070509113 0.015426732 0.997391839 43.257546897 0.071825331 0.997363538 -0.010348711 -2.457327015 -0.994921900 0.070908320 -0.071431249 89.681548938
-0.067635630 0.017099892 0.997563539 43.908548035 0.072886122 0.997266221 -0.012153056 -2.473686944 -0.995044238 0.071886558 -0.068697074 89.646111294
-0.062211528 0.017293410 0.997913154 44.514615437 0.073037224 0.997247986 -0.012728623 -2.499397202 -0.995387005 0.072092939 -0.063303384 89.604262477
-0.054087233 0.018005129 0.998373871 45.117422092 0.072468841 0.997271580 -0.014059226 -2.519319592 -0.995903027 0.071590573 -0.055244472 89.576079938
-0.042868996 0.017828497 0.998921615 45.693095170 0.071203707 0.997352808 -0.014744771 -2.543025444 -0.996540155 0.070494829 -0.044024969 89.559972373
-0.028808462 0.018419477 0.999415227 46.246595373 0.070696307 0.997363981 -0.016343828 -2.562221320 -0.997081794 0.070184125 -0.030034712 89.550668967
-0.011434039 0.019646984 0.999741596 46.779565301 0.069645014 0.997394590 -0.018804331 -2.585875871 -0.997506308 0.069412008 -0.012772563 89.554512513
0.009884227 0.022065978 0.999707655 47.306980466 0.067864286 0.997436588 -0.022686832 -2.610190374 -0.997645599 0.068068688 0.008361397 89.574679001
0.034653469 0.025169212 0.999082403 47.834824909 0.065772331 0.997458126 -0.027409626 -2.633319885 -0.997232740 0.066661817 0.032909947 89.607933148
0.063299074 0.027138911 0.997625534 48.351193757 0.063510657 0.997494428 -0.031165079 -2.656244722 -0.995971698 0.065332574 0.061416864 89.651392954
0.096482163 0.026656561 0.994977698 48.870963277 0.061210233 0.997590345 -0.032662062 -2.679266772 -0.993450804 0.064054124 0.094618020 89.720866576
0.134552270 0.024143512 0.990612324 49.387145546 0.059796328 0.997683410 -0.032437829 -2.703371733 -0.989100645 0.063599563 0.132796874 89.809599077
0.177132268 0.020295629 0.983977768 49.879200323 0.057158027 0.997887711 -0.030871927 -2.732803119 -0.982525888 0.061710642 0.175598055 89.910699681
0.222442213 0.016010137 0.974814412 50.379387261 0.054110262 0.998121272 -0.028740307 -2.759245890 -0.973443137 0.059140521 0.221157992 90.044198109
0.270604790 0.012765812 0.962605881 50.859000016 0.048766382 0.998446557 -0.026950176 -2.787168936 -0.961454569 0.054235652 0.269561879 90.200834117
0.322139298 0.011145594 0.946626668 51.320434367 0.044402926 0.998652322 -0.026868565 -2.815113368 -0.945650386 0.050688415 0.321210261 90.379977461
0.377379702 0.010745250 0.925996274 51.776313467 0.042967159 0.998652624 -0.029099152 -2.838485276 -0.925061287 0.050768859 0.376409536 90.580602942
0.436095698 0.011245298 0.899830031 52.215129686 0.044235960 0.998445223 -0.033916323 -2.859719181 -0.898812395 0.054595608 0.434920220 90.798726806
0.494706166 0.014296191 0.868942707 52.614302179 0.043842665 0.998180981 -0.041382962 -2.888562745 -0.867953703 0.058569171 0.493179503 91.058222285
0.553335648 0.017224259 0.832780274 53.004782165 0.043702762 0.997808804 -0.049675544 -2.915586651 -0.831811114 0.063882047 0.551370434 91.341636178
0.609768995 0.021818768 0.792278811 53.376603137 0.037796953 0.997683185 -0.056565475 -2.935955044 -0.791677437 0.064437598 0.607531590 91.663409802
0.663488398 0.025155625 0.747763559 53.709040488 0.031979064 0.997567786 -0.061934255 -2.958738946 -0.747502833 0.065005439 0.661070199 92.007260747
0.714186016 0.026078696 0.699469968 54.019142462 0.028351642 0.997407814 -0.066134993 -2.986837250 -0.699381526 0.067063810 0.711595339 92.370366133
0.760776394 0.023763600 0.648578884 54.297916476 0.026049491 0.997406127 -0.067100239 -3.023585342 -0.648491096 0.067943428 0.758184007 92.747989798
0.803270438 0.020557398 0.595259604 54.542279775 0.021612079 0.997740060 -0.063621457 -3.058830703 -0.595222245 0.063970033 0.801010808 93.146392181
0.841765428 0.015442006 0.539622562 54.762173176 0.018987628 0.998125420 -0.058181755 -3.094722226 -0.539509439 0.059221543 0.839894264 93.562707465
0.875308242 0.013547658 0.483375571 54.954180851 0.014055771 0.998472299 -0.053436903 -3.124542538 -0.483361063 0.053567978 0.873780610 93.997470164
0.903536976 0.010670487 0.428377256 55.124663414 0.010820645 0.998802987 -0.047702270 -3.151568158 -0.428373489 0.047736083 0.902339969 94.445040394
0.926329047 0.011802672 0.376530469 55.257106203 0.004835365 0.999054222 -0.043212036 -3.185602902 -0.376684372 0.041849227 0.925395875 94.879745591
0.943982469 0.013911263 0.329702251 55.372341594 -0.000621686 0.999184241 -0.040379019 -3.216852219 -0.329995016 0.037912115 0.943221056 95.329240603
0.957056477 0.019922319 0.289216185 55.466015837 -0.009252148 0.999226748 -0.038213924 -3.244919150 -0.289753858 0.033897012 0.956500755 95.790631609
0.967018491 0.024241186 0.253550002 55.549805017 -0.014638168 0.999104703 -0.039692778 -3.267450276 -0.254285200 0.034672143 0.966507568 96.251754326
0.974642595 0.026032417 0.222247891 55.633712136 -0.017585512 0.999048850 -0.039901695 -3.288648808 -0.223075237 0.034981549 0.974173357 96.725859283
0.979582380 0.020452208 0.200000169 55.723337439 -0.012662888 0.999113476 -0.040148637 -3.312475530 -0.200643993 0.036796317 0.978972941 97.205608234
0.982730167 0.017406870 0.184223831 55.807117420 -0.010261173 0.999160120 -0.039670691 -3.340499473 -0.184759648 0.037095232 0.982083406 97.696286240
0.984976523 0.021630547 0.171328246 55.878293019 -0.014962181 0.999082927 -0.040117803 -3.365462423 -0.172038896 0.036951649 0.984396868 98.195994081
0.986473289 0.027065889 0.161672164 55.943747573 -0.020879657 0.998987833 -0.039841550 -3.385711841 -0.162586872 0.035926965 0.986039940 98.707279414
0.987190611 0.034650955 0.155736988 56.006609242 -0.028537754 0.998738336 -0.041319885 -3.406208222 -0.156972274 0.036346218 0.986933968 99.231438833
0.987453739 0.040103004 0.152731341 56.074996253 -0.033592006 0.998423134 -0.044975801 -3.432296615 -0.154294169 0.039280970 0.987243797 99.753830967
0.987535508 0.041310342 0.151878490 56.154135408 -0.034453020 0.998276467 -0.047508780 -3.465777437 -0.153579327 0.041683934 0.987256724 100.291068507
0.987217084 0.039701646 0.154357406 56.243014294 -0.032154561 0.998176419 -0.051087376 -3.498847197 -0.156104175 0.045471036 0.986693403 100.838002868
0.986648595 0.037837543 0.158407294 56.334056579 -0.029011953 0.997914544 -0.057661686 -3.528043000 -0.160258720 0.052296117 0.985688723 101.401449406
0.985984839 0.037849236 0.162484872 56.429411264 -0.028008094 0.997655879 -0.062436318 -3.559013937 -0.164467155 0.057010372 0.984733656 101.965266551
0.985035185 0.042814867 0.166950806 56.516931630 -0.032854670 0.997536940 -0.061972775 -3.597470938 -0.169192952 0.055560251 0.984015652 102.547219378
0.983883262 0.046264731 0.172723191 56.611919124 -0.036756592 0.997648499 -0.057848303 -3.636172995 -0.174993368 0.050567261 0.983270193 103.137287526
0.983147587 0.043612142 0.177535360 56.722565095 -0.034651810 0.997979082 -0.053263541 -3.676014963 -0.179499512 0.046214000 0.982671965 103.744676563
0.982606507 0.039645977 0.181418437 56.840916705 -0.031430018 0.998355539 -0.047941326 -3.711915884 -0.183020782 0.041405474 0.982236723 104.359352545
0.981979936 0.037400884 0.185247345 56.958712289 -0.029876738 0.998617715 -0.043243959 -3.750267734 -0.186608643 0.036930114 0.981739976 104.996398189
0.981554183 0.032952723 0.188322870 57.082669017 -0.025367932 0.998772425 -0.042545394 -3.782420398 -0.189493677 0.036983248 0.981185195 105.638745534
0.981583270 0.029394278 0.188759796 57.209932317 -0.021115707 0.998731085 -0.045720302 -3.818310810 -0.189864191 0.040892487 0.980958406 106.285010707
0.981705115 0.028411708 0.188275976 57.336091611 -0.018779461 0.998431242 -0.052748335 -3.856922766 -0.189479286 0.048247588 0.980698613 106.941078290
0.981814424 0.030387537 0.187395397 57.457739842 -0.019543976 0.998040334 -0.059443454 -3.895264114 -0.188834505 0.054699989 0.980484289 107.606568485
0.982230718 0.033105872 0.184734454 57.579593736 -0.021726793 0.997758954 -0.063285201 -3.933318311 -0.186415567 0.058146981 0.980748778 108.290464360
0.982758039 0.031647293 0.182167738 57.707842284 -0.021195585 0.998030686 -0.059038104 -3.975410268 -0.183677389 0.054159019 0.981493463 108.990892491
0.983120880 0.027847145 0.180825527 57.838741855 -0.018836912 0.998502741 -0.051356072 -4.021265628 -0.181984904 0.047083032 0.982173448 109.705925066
0.983543422 0.028506377 0.178408865 57.965406960 -0.020674361 0.998745552 -0.045605837 -4.068397846 -0.179485118 0.041166831 0.982898970 110.431978419
0.983772313 0.031788334 0.176582951 58.085999934 -0.023958552 0.998640339 -0.046297518 -4.112734831 -0.177814579 0.041315544 0.983196319 111.162840025
0.983980495 0.037233557 0.174344625 58.204583113 -0.028739186 0.998285253 -0.050996197 -4.154600818 -0.175944438 0.045168740 0.983363280 111.903782095
0.984659292 0.037686985 0.170369512 58.329020869 -0.028450687 0.998006523 -0.056334160 -4.195825329 -0.172152949 0.050622824 0.983768617 112.641894276
0.985418748 0.036133930 0.166265543 58.453496088 -0.026610863 0.997894214 -0.059152343 -4.243673804 -0.168052830 0.053865358 0.984305222 113.404553082
0.986132168 0.033973281 0.162447417 58.576361223 -0.024881496 0.998025094 -0.057678625 -4.293754240 -0.164086131 0.052836813 0.985029955 114.185899042
0.986850329 0.030000906 0.158828126 58.699690510 -0.021435838 0.998235881 -0.055368135 -4.348963858 -0.160209028 0.051235448 0.985752502 114.972523160
0.987155811 0.029029759 0.157100855 58.813480328 -0.020960566 0.998386234 -0.052778620 -4.400046768 -0.158379482 0.048807799 0.986171252 115.779328079
0.987451822 0.025305144 0.155879921 58.926443589 -0.017665391 0.998582818 -0.050202483 -4.457784964 -0.156929392 0.046818854 0.986499448 116.590929238
0.987637685 0.020219158 0.155444490 59.052404130 -0.012737787 0.998718766 -0.048975256 -4.506582259 -0.156235568 0.046389789 0.986629837 117.396987145
0.987672810 0.020975443 0.155120765 59.167738773 -0.013735499 0.998772108 -0.047598454 -4.551715947 -0.155928692 0.044881038 0.986748162 118.224882624
0.987484307 0.026355954 0.155499542 59.287928329 -0.018855267 0.998595356 -0.049515599 -4.600947128 -0.156586151 0.045963892 0.986594191 119.032448991
0.987245334 0.032075055 0.155941786 59.408198267 -0.024093433 0.998314032 -0.052807189 -4.653660195 -0.157372666 0.048376478 0.986353669 119.846355290
0.986003614 0.049514593 0.159201688 59.620803203 -0.041105075 0.997601573 -0.055690887 -4.659174135 -0.161577366 0.048367419 0.985674057 121.014495058
0.986006519 0.047061044 0.159926240 59.633723463 -0.038789146 0.997762319 -0.054458764 -4.697350495 -0.162131262 0.047493294 0.985625609 121.517895729
0.985392118 0.049752968 0.162871164 59.760152060 -0.041721213 0.997755845 -0.052369982 -4.754453447 -0.165111218 0.044809785 0.985256499 122.358483238
0.984932888 0.050371258 0.165438638 59.893626079 -0.042095335 0.997698501 -0.053157169 -4.810907613 -0.167735475 0.045392049 0.984786460 123.197089655
0.984358167 0.050546280 0.168772249 59.989816223 -0.041637295 0.997566838 -0.055917259 -4.866594424 -0.171188009 0.048015391 0.984067674 124.010041989
0.984453344 0.044214342 0.169990312 60.138116551 -0.035403220 0.997884812 -0.054520767 -4.922206902 -0.172041350 0.047654947 0.983936370 124.852431089
0.984658529 0.037538443 0.170406710 60.286637270 -0.028351199 0.998026405 -0.056031283 -4.981783848 -0.172173724 0.050340446 0.983779471 125.696996225
0.984395177 0.037385467 0.171954827 60.429963477 -0.028162835 0.998046645 -0.055765116 -5.047096436 -0.173703743 0.050052176 0.983525185 126.528948503
0.983973795 0.040043307 0.173758756 60.565885214 -0.031273595 0.998108969 -0.052919265 -5.102248012 -0.175549235 0.046637109 0.983365368 127.372644042
0.982799447 0.023498606 0.183174952 59.724697597 -0.015927950 0.998961281 -0.042692613 -5.229456352 -0.183987901 0.039040675 0.982152879 126.891214926
0.982487216 0.027338558 0.184313521 59.868928162 -0.020595989 0.999050243 -0.038398142 -5.282567769 -0.185188218 0.033929564 0.982117156 127.726738453
0.982243521 0.026394948 0.185744374 60.015026942 -0.018336416 0.998820029 -0.044970279 -5.332066413 -0.186712189 0.040765879 0.981568490 128.550757371
0.982357835 0.021761409 0.185740476 60.170153492 -0.010935614 0.998191496 -0.059111336 -5.387950097 -0.186690909 0.056037298 0.980819211 129.356980874
0.979090822 0.008990866 0.203224820 58.880665842 0.005418462 0.997515687 -0.070235989 -5.064959860 -0.203351428 0.069868578 0.976609737 128.809076824
0.979280939 0.006294413 0.202408555 59.047368093 0.006204526 0.998114978 -0.061057312 -5.121200080 -0.202411331 0.061048111 0.977395918 129.639336564
0.979611030 0.000183035 0.200903450 59.218830938 0.008072474 0.999156148 -0.040271909 -5.177190053 -0.200741289 0.041072594 0.978782906 130.473784216
0.979873046 -0.002661033 0.199603942 59.387938329 0.007840449 0.999652627 -0.025162509 -5.234785568 -0.199467646 0.026221049 0.979553528 131.313498658
0.979941470 0.001976943 0.199275704 59.538437699 0.004241277 0.999517419 -0.030772400 -5.281223100 -0.199240373 0.031000335 0.979460185 132.144149826
0.980218138 0.009639600 0.197685308 59.690992518 -0.000380744 0.998903225 -0.046820959 -5.320238318 -0.197919827 0.045819486 0.979146729 132.936480832
0.980476495 0.010035311 0.196380078 59.852316560 0.000734210 0.998503074 -0.054690701 -5.364598564 -0.196634950 0.053767131 0.979001426 133.717431688
0.983233792 0.015574305 0.181683105 60.134547918 -0.002705196 0.997482139 -0.070866529 -4.961307347 -0.182329349 0.069186878 0.980800277 134.034105328
0.983725101 0.015595966 0.179001930 60.277202098 -0.003244162 0.997605153 -0.069090048 -5.038342052 -0.179650773 0.067384903 0.981419826 134.850658232
0.984406260 0.015040969 0.175265751 60.415586391 -0.002659586 0.997496539 -0.070665270 -5.100851925 -0.175889854 0.069097200 0.981981841 135.674841193
0.985226060 0.016072527 0.170503034 60.549410726 -0.003738607 0.997367637 -0.072414224 -5.167852397 -0.171218087 0.070706937 0.982692676 136.488998364
0.985604212 0.021963529 0.167636337 60.668129035 -0.009933841 0.997336020 -0.072264661 -5.243480477 -0.168776944 0.069559081 0.983196764 137.287869636
0.985461225 0.034415416 0.166378343 60.772256025 -0.022242719 0.996974377 -0.074480551 -5.287473587 -0.168438225 0.069696988 0.983245084 138.127428248
0.985728600 0.035978501 0.164452650 60.897901119 -0.024283803 0.997067023 -0.072578570 -5.357873602 -0.166581582 0.067549236 0.983711176 138.932587240
0.986013987 0.034126880 0.163131155 61.026959334 -0.023316788 0.997431326 -0.067727961 -5.427299096 -0.165023469 0.062977022 0.984276968 139.735154974
0.986367965 0.032683936 0.161276153 61.156786736 -0.022001913 0.997471124 -0.067581597 -5.498588325 -0.163077139 0.063111939 0.984592672 140.528117284
0.986875590 0.030850175 0.158508162 61.287899844 -0.019907594 0.997336747 -0.070164810 -5.575375047 -0.160250611 0.066088422 0.984861443 141.299545155
0.987817911 0.025856114 0.153451087 61.416051119 -0.014599286 0.997148677 -0.074036319 -5.642119369 -0.154927840 0.070894125 0.985378804 142.093308846
0.988874321 0.022841238 0.146989302 61.531580431 -0.011837822 0.997090467 -0.075302504 -5.705028184 -0.148281634 0.072724680 0.986267549 142.898523953
0.989885002 0.021252276 0.140271249 61.649438035 -0.011501513 0.997483370 -0.069961718 -5.775539321 -0.141405084 0.067640724 0.987638261 143.703781691
0.990780623 0.018996209 0.134137622 61.751846730 -0.010797958 0.998043537 -0.061583291 -5.841979482 -0.135045035 0.059567119 0.989047318 144.504168625
0.991344050 0.016389681 0.130262627 61.852372648 -0.009648802 0.998589406 -0.052212055 -5.901350667 -0.130934618 0.050503232 0.990103807 145.297420255
0.991722725 0.023201749 0.126284262 61.933420343 -0.017048981 0.998624319 -0.049586300 -5.957459286 -0.127261024 0.047022843 0.990753998 146.087102947
0.992252168 0.025755958 0.121541208 62.014454316 -0.019267209 0.998340729 -0.054263835 -6.012498970 -0.122737155 0.051501648 0.991101998 146.870040536
0.993155067 0.025878776 0.113900402 62.111052649 -0.018611945 0.997750124 -0.064407183 -6.072493942 -0.115310919 0.061846412 0.991402246 147.664902109
0.993961249 0.022534759 0.107392830 62.193132006 -0.015064839 0.997442526 -0.069867425 -6.128042506 -0.108692621 0.067827658 0.991758702 148.460752176
0.994669131 0.021890161 0.100767760 62.266152187 -0.014969980 0.997509488 -0.068925480 -6.189528203 -0.102025587 0.067049556 0.992519590 149.270219140
0.995249962 0.028694975 0.093027477 62.325935727 -0.022633741 0.997591372 -0.065568035 -6.257396419 -0.094684881 0.063151025 0.993502250 150.088238656
0.995792456 0.034220302 0.085007977 62.375047771 -0.028558888 0.997347892 -0.066944551 -6.325051192 -0.087073390 0.064235145 0.994128800 150.901849580
0.996522941 0.036708564 0.074796458 62.423944520 -0.031252183 0.996852564 -0.072857847 -6.388432461 -0.077235548 0.070266963 0.994533672 151.710668535
0.997192736 0.035171069 0.066103276 62.474535062 -0.030168118 0.996710883 -0.075215024 -6.453921126 -0.068531247 0.073009664 0.994973898 152.521821991
0.997687895 0.035463194 0.057976082 62.511782193 -0.031234087 0.996894352 -0.072291656 -6.521611094 -0.060359722 0.070313680 0.995697088 153.339220375
0.997976715 0.038817852 0.050355244 62.536236044 -0.035502740 0.997244574 -0.065136894 -6.590615080 -0.052744968 0.063217354 0.996605004 154.151075058
0.998211459 0.042394243 0.042149873 62.555474452 -0.039852999 0.997438110 -0.059405003 -6.653832653 -0.044560319 0.057618956 0.997343689 154.979525141
