1.000000000 0.000000000 0.000000000 0.000000000 0.000000000 1.000000000 0.000000000 0.000000000 0.000000000 0.000000000 1.000000000 0.000000000
0.999990819 -0.002364359 -0.003573791 0.003464308 0.002355421 0.999994093 -0.002503082 -0.001581032 0.003579688 0.002494641 0.999990481 0.676507177
0.999970831 -0.001108956 -0.007556923 -0.009035711 0.001080735 0.999992431 -0.003737585 -0.010367968 0.007561010 0.003729309 0.999964461 1.362169498
0.999931857 -0.000915416 -0.011638003 -0.019781549 0.000852944 0.999985208 -0.005371778 -0.012679792 0.011642748 0.005361485 0.999917847 2.075985372
0.999849392 0.001950700 -0.017244938 -0.031197028 -0.002080191 0.999969754 -0.007494198 0.003902240 0.017229798 0.007528942 0.999823209 2.834315779
0.999756249 0.000643091 -0.022068726 -0.044732716 -0.000815497 0.999969215 -0.007804124 -0.005736674 0.022063028 0.007820219 0.999725996 3.582018632
0.999647711 0.002649191 -0.026408996 -0.075566331 -0.002891645 0.999953986 -0.009146774 -0.016094285 0.026383549 0.009219918 0.999609374 4.334534666
0.999488657 0.005206707 -0.031548618 -0.109008500 -0.005526633 0.999934104 -0.010062030 -0.022871541 0.031494149 0.010231242 0.999451570 5.107530851
0.999319703 0.005392916 -0.036483522 -0.128258341 -0.005693571 0.999950645 -0.008141955 -0.044210010 0.036437812 0.008344138 0.999301086 5.883773433
0.999127196 0.004044098 -0.041575122 -0.152545289 -0.004256585 0.999978322 -0.005023680 -0.061711797 0.041553904 0.005196263 0.999122751 6.692192355
0.998929902 0.003443959 -0.046121472 -0.174323444 -0.003539102 0.999991774 -0.001981371 -0.080475712 0.046114269 0.002142480 0.998933874 7.511719922
0.998834702 0.004232585 -0.048076223 -0.229145726 -0.004393364 0.999985103 -0.003239075 -0.069486114 0.048061797 0.003446517 0.998838418 8.338379268
0.998711181 0.003750587 -0.050615322 -0.269566339 -0.003954076 0.999984496 -0.003920779 -0.071532067 0.050599832 0.004115863 0.998710527 9.163823672
0.998606462 0.000376981 -0.052773020 -0.308849778 -0.000616463 0.999989587 -0.004521767 -0.077382469 0.052770766 0.004547998 0.998596296 9.999374481
0.998480053 -0.000739274 -0.055109321 -0.356124708 0.000558532 0.999994415 -0.003295035 -0.091164694 0.055111449 0.003259246 0.998474890 10.843375712
0.998266738 -0.000798181 -0.058846271 -0.276210134 0.000597260 0.999993933 -0.003431844 -0.116977657 0.058848653 0.003390749 0.998261158 11.530111246
0.998201468 0.004741251 -0.059760775 -0.384265952 -0.005128849 0.999966786 -0.006334100 -0.141887065 0.059728758 0.006629212 0.998192631 12.447099396
0.998058885 0.006861130 -0.061898204 -0.415373788 -0.007439344 0.999930777 -0.009115743 -0.165252649 0.061831375 0.009558531 0.998040839 13.287421625
0.997897273 0.011927297 -0.063708486 -0.485751112 -0.012638802 0.999862051 -0.010776817 -0.186986010 0.063571159 0.011559356 0.997910361 14.170903402
0.997464007 0.019866130 -0.068343922 -0.360329874 -0.020661967 0.999726472 -0.010957408 -0.248955807 0.068107547 0.012341740 0.997601646 14.857457820
0.997355355 0.020140839 -0.069832960 -0.425721282 -0.020850203 0.999738006 -0.009443958 -0.277319030 0.069624455 0.010875014 0.997513995 15.749923273
0.997113923 0.022400078 -0.072540071 -0.420397048 -0.022968116 0.999711650 -0.007005912 -0.322071744 0.072362221 0.008651801 0.997340892 16.566083402
0.996885401 0.023060438 -0.075416933 -0.395380725 -0.023653364 0.999695866 -0.006978120 -0.353842645 0.075233078 0.008740250 0.997127671 17.383461194
0.996677714 0.024622736 -0.077635399 -0.464928120 -0.025331393 0.999645835 -0.008156324 -0.379319833 0.077407072 0.010095839 0.996948454 18.298835504
0.996241225 0.028091547 -0.081940753 -0.437231153 -0.029010062 0.999528693 -0.010040338 -0.420995888 0.081620085 0.012379705 0.996586627 19.174178089
0.996161632 0.027895081 -0.082969079 -0.509989809 -0.028667485 0.999555919 -0.008132615 -0.437630153 0.082705375 0.010479913 0.996518937 20.103063502
0.995280770 0.040901027 -0.087995993 -0.414356349 -0.041521937 0.999123870 -0.005236521 -0.535594234 0.087704718 0.008865573 0.996107065 20.961187190
0.995360551 0.041647641 -0.086734355 -0.518212140 -0.041946980 0.999118507 -0.001630722 -0.545645749 0.086589984 0.005261401 0.996230140 21.913204924
0.995104352 0.046005348 -0.087469060 -0.428874619 -0.045930884 0.998940512 0.002864828 -0.639898068 0.087508185 0.001166729 0.996163117 22.616418958
0.995215887 0.046909066 -0.085702266 -0.515851369 -0.046753710 0.998899143 0.003820094 -0.660702017 0.085787117 0.000205081 0.996313469 23.543731509
0.995200824 0.048186824 -0.085166605 -0.578323204 -0.048319092 0.998831821 0.000508801 -0.671758134 0.085091632 0.003608813 0.996366594 24.464313538
0.995031231 0.051083455 -0.085459526 -0.571578336 -0.051540339 0.998665955 -0.003146982 -0.729195628 0.085184761 0.007535958 0.996336673 25.298681111
0.995108378 0.050965136 -0.084627838 -0.648586160 -0.051690431 0.998642648 -0.006400050 -0.743655245 0.084186789 0.010743193 0.996392076 26.242117774
0.995304290 0.048535533 -0.083747667 -0.732727520 -0.049158007 0.998776495 -0.005385528 -0.758712172 0.083383812 0.009477108 0.996472440 27.200605075
0.995336453 0.046879962 -0.084306673 -0.799746313 -0.047017050 0.998894022 0.000359753 -0.792139672 0.084230297 0.003605776 0.996439790 28.159923327
0.995400201 0.043360733 -0.085430013 -0.864951811 -0.043160768 0.999059365 0.004187172 -0.813407502 0.085531214 -0.000480687 0.996335375 29.125830536
0.995604678 0.036210940 -0.086371827 -0.946451126 -0.036026255 0.999344007 0.003696555 -0.828100329 0.086449023 -0.000568654 0.996256113 30.095828585
0.995462255 0.035029921 -0.088474870 -1.018670981 -0.035261090 0.999377582 -0.001050764 -0.827220240 0.088382993 0.004165716 0.996077855 31.057264564
0.995232594 0.035833718 -0.090708477 -1.084644562 -0.036400923 0.999326653 -0.004605913 -0.853165582 0.090482351 0.007885827 0.995866837 32.037177166
0.995009420 0.036889827 -0.092711350 -1.193281290 -0.037602888 0.999275014 -0.005955527 -0.848166158 0.092424438 0.009412020 0.995675217 33.025043151
0.994919263 0.036836407 -0.093694922 -1.286031442 -0.037405023 0.999290853 -0.004319267 -0.867382029 0.093469372 0.007801983 0.995591586 34.028021678
0.994687010 0.040588540 -0.094606141 -1.389425000 -0.040958755 0.999158888 -0.001973877 -0.875689069 0.094446449 0.005838339 0.995512824 35.024096347
0.994532718 0.040872718 -0.096094196 -1.483642754 -0.041062068 0.999156598 0.000007027 -0.904796176 0.096013437 0.003938838 0.995372245 36.029932562
0.994414346 0.042256976 -0.096718441 -1.591598833 -0.042220424 0.999105377 0.002425359 -0.907638002 0.096734403 0.001671682 0.995308827 37.021260843
0.994392791 0.042452992 -0.096854121 -1.680948143 -0.042104508 0.999097293 0.005639920 -0.924316993 0.097006122 -0.001530300 0.995282608 38.032605363
0.994061454 0.048442463 -0.097443076 -1.778467919 -0.047890122 0.998820568 0.008000602 -0.932956473 0.097715717 -0.003286530 0.995208942 39.012169901
0.993926862 0.049187847 -0.098437534 -1.866011660 -0.048779247 0.998788076 0.006554728 -0.930790595 0.098640648 -0.001713211 0.995121645 40.029473063
0.993984632 0.048527213 -0.098181780 -1.971220125 -0.048191250 0.998821334 0.005791846 -0.947621979 0.098347119 -0.001025503 0.995151643 41.005496956
0.993895265 0.050906339 -0.097881288 -2.082281326 -0.050826229 0.998702016 0.003313348 -0.952748643 0.097922910 0.001681816 0.995192582 41.984644513
0.993736011 0.050692029 -0.099594468 -2.172676591 -0.050601444 0.998713012 0.003437058 -0.964693393 0.099640522 0.001624096 0.995022175 42.991171970
0.993649265 0.050283377 -0.100661416 -2.265917003 -0.050073409 0.998734886 0.004613060 -0.985932505 0.100766029 0.000456697 0.994910046 43.950778199
0.993563917 0.049871766 -0.101703243 -2.363029561 -0.049528473 0.998755289 0.005899374 -0.992275560 0.101870864 -0.000824199 0.994797290 44.948554666
0.993247953 0.054816892 -0.102242906 -2.464480493 -0.054928525 0.998488798 0.001725381 -1.017988880 0.102182977 0.003902321 0.994757966 45.917889928
0.993084405 0.056698956 -0.102803667 -2.574519856 -0.057229635 0.998358579 -0.002217519 -1.042279935 0.102509192 0.008085600 0.994699195 46.886020159
0.992884386 0.058533666 -0.103703449 -2.665498977 -0.059239626 0.998236793 -0.003737975 -1.061138323 0.103301801 0.009854731 0.994601238 47.847529502
0.992990059 0.056946347 -0.103575366 -2.771155604 -0.057184655 0.998363394 0.000669607 -1.082485842 0.103443986 0.005258008 0.994621383 48.811513007
0.993071018 0.055492702 -0.103588194 -2.876644681 -0.055374301 0.998457571 0.004020679 -1.101850061 0.103651535 0.001743304 0.994612146 49.773583841
0.993134090 0.054100043 -0.103720128 -2.979999334 -0.053927678 0.998534850 0.004467429 -1.113862592 0.103809850 0.001156630 0.994596490 50.727436058
0.993241561 0.050789409 -0.104363006 -3.070024166 -0.050765993 0.998706416 0.002882385 -1.118510803 0.104374399 0.002435187 0.994535095 51.687913041
0.993308259 0.048496346 -0.104817974 -3.172227875 -0.048608868 0.998816790 0.001482321 -1.132361804 0.104765839 0.003622682 0.994490319 52.642341616
0.993256404 0.047119085 -0.105931616 -3.268812132 -0.047043368 0.998887675 0.003214776 -1.155111217 0.105965263 0.001790283 0.994368221 53.587829446
0.993282269 0.044294115 -0.106903532 -3.372704370 -0.043762822 0.999015191 0.007311812 -1.162336991 0.107122123 -0.002584293 0.994242512 54.549015849
0.993247178 0.044005682 -0.107347768 -3.469412366 -0.042901081 0.999000136 0.012578791 -1.177723640 0.107793973 -0.007888513 0.994141957 55.496394420
0.993121556 0.045816417 -0.107751712 -3.575758324 -0.044461543 0.998899314 0.014944271 -1.183232303 0.108317804 -0.010050671 0.994065510 56.443869502
0.992882242 0.046383424 -0.109697001 -3.679109994 -0.045463496 0.998906818 0.010873781 -1.181419529 0.110081445 -0.005809175 0.993905594 57.387065772
0.992641556 0.047335959 -0.111454239 -3.792947635 -0.047257818 0.998877127 0.003344268 -1.185669421 0.111487394 0.001947425 0.993763940 58.302426707
0.992426717 0.049250191 -0.112532793 -3.904238440 -0.049726278 0.998761865 -0.001426019 -1.198826118 0.112323231 0.007011056 0.993646988 59.210717810
0.992329738 0.057381304 -0.109494644 -4.143907939 -0.057550250 0.998341298 0.001619266 -1.288043287 0.109405940 0.004694598 0.993986067 59.893257341
0.992026867 0.060256092 -0.110688293 -4.240075940 -0.060171115 0.998179611 0.004111004 -1.303468089 0.110734510 0.002582012 0.993846669 60.787088164
0.991828860 0.063163991 -0.110841426 -4.372694793 -0.062913902 0.998002360 0.005755871 -1.320225916 0.110983568 0.001264628 0.993821437 61.623190010
0.991687523 0.063887508 -0.111688154 -4.482368840 -0.063666663 0.997955807 0.005546457 -1.327679495 0.111814191 0.001610460 0.993727826 62.469430320
0.991385370 0.065313409 -0.113530642 -4.578948543 -0.064991293 0.997864399 0.006540157 -1.333102382 0.113715346 0.000894687 0.993512969 63.300498172
0.991264284 0.066248867 -0.114044756 -4.719328378 -0.065850315 0.997803082 0.007262575 -1.345904735 0.114275347 0.000310752 0.993449067 64.113518038
0.990954133 0.066220708 -0.116724996 -4.775996394 -0.065699382 0.997804838 0.008312433 -1.369658019 0.117019221 -0.000568480 0.993129487 64.942223161
0.990937470 0.065986473 -0.116998786 -4.911323672 -0.065421650 0.997820082 0.008665595 -1.354363709 0.117315551 -0.000932810 0.993094251 65.763887267
0.990610197 0.068601984 -0.118259063 -5.013364360 -0.067695868 0.997637787 0.011666882 -1.363920146 0.118780081 -0.003551682 0.992914235 66.583546200
0.990357320 0.070041630 -0.119526349 -5.107329352 -0.068683451 0.997518862 0.015450055 -1.359486551 0.120311934 -0.007091593 0.992710808 67.401033118
0.989969259 0.073282598 -0.120791258 -5.220844403 -0.071720811 0.997275868 0.017232777 -1.360597871 0.121725069 -0.008396673 0.992528339 68.182574066
0.989629110 0.075906709 -0.121952434 -5.339025984 -0.074900691 0.997108598 0.012819161 -1.358859546 0.122572881 -0.003551893 0.992453159 68.930313191
0.989379751 0.075496440 -0.124209485 -5.420873924 -0.075380523 0.997138894 0.005639452 -1.368340795 0.124279867 0.003783416 0.992239991 69.688878071
0.989228826 0.074362020 -0.126081800 -5.516107041 -0.075019936 0.997181923 -0.000471293 -1.367383258 0.125691445 0.009924865 0.992019737 70.403167347
0.989110522 0.075299972 -0.126452714 -5.617242093 -0.076104265 0.997098684 -0.001534380 -1.375605986 0.125970296 0.011141262 0.991971450 71.099655788
0.988965955 0.077430548 -0.126296675 -5.726274879 -0.077826018 0.996965317 0.001807560 -1.381379488 0.126053365 0.008041553 0.991990868 71.758197247
0.988720345 0.077911501 -0.127913555 -5.797634268 -0.077958511 0.996945775 0.004646698 -1.407598302 0.127884909 0.005377665 0.991774435 72.408962355
0.988676050 0.074659448 -0.130175400 -5.845318502 -0.075144752 0.997171930 0.001186779 -1.416136854 0.129895860 0.008608658 0.991490271 73.046505172
0.989348114 0.066664759 -0.129406799 -5.956910679 -0.067727998 0.997696479 -0.003828019 -1.430934782 0.128853513 0.012551707 0.991584201 73.666884967
0.989787950 0.062339048 -0.128193823 -6.054042876 -0.063990084 0.997911759 -0.008797186 -1.438926796 0.127377715 0.016910482 0.991710116 74.296317581
0.990017227 0.064998111 -0.125064525 -6.132832267 -0.066680058 0.997731016 -0.009305394 -1.449169267 0.124175923 0.017551810 0.992104971 74.885129991
0.990280913 0.069925085 -0.120225603 -6.236428986 -0.071214646 0.997440108 -0.006458028 -1.462434327 0.119466260 0.014957086 0.992725591 75.466072766
0.990904374 0.068566457 -0.115789307 -6.288799709 -0.069461541 0.997577738 -0.003708233 -1.473888169 0.115254574 0.011717408 0.993266875 76.023912195
0.991865427 0.064823486 -0.109548574 -6.349182959 -0.065284005 0.997866532 -0.000618544 -1.473181476 0.109274759 0.007765282 0.993981251 76.559517747
0.993038257 0.060585207 -0.101017089 -6.398642772 -0.060613458 0.998157408 0.002792498 -1.496410904 0.101000139 0.003349937 0.994880772 77.079368475
0.993823338 0.064203611 -0.090515574 -6.440714818 -0.064321466 0.997927920 0.001617427 -1.498878244 0.090431863 0.004214658 0.995893727 77.596467342
0.994756239 0.069369674 -0.075152339 -6.495432238 -0.069562885 0.997577567 0.000046784 -1.504314733 0.074973533 0.005181275 0.997172063 78.105792846
0.995596001 0.074471944 -0.056943239 -6.524393986 -0.074607088 0.997212977 -0.000248125 -1.515948496 0.056766058 0.004495402 0.998377387 78.591945734
0.996750853 0.072844618 -0.034371479 -6.547294386 -0.072922591 0.997337083 -0.001018738 -1.524792890 0.034205741 0.003521886 0.999408607 79.081825590
0.997556370 0.069392750 -0.008119980 -6.534061920 -0.069407263 0.997587251 -0.001519038 -1.537902687 0.007994978 0.002078911 0.999965879 79.559762230
0.997424151 0.068386737 0.021640639 -6.508172956 -0.068367990 0.997658879 -0.001605838 -1.551530866 -0.021699794 0.000122175 0.999764524 80.019264424
0.996183403 0.068028608 0.054687631 -6.459171651 -0.068023850 0.997681788 -0.001950600 -1.566598293 -0.054693550 -0.001776908 0.998501607 80.476532116
0.993409102 0.068319399 0.092037032 -6.389630702 -0.068273549 0.997659961 -0.003650319 -1.579352403 -0.092071050 -0.002657435 0.995748894 80.931866015
0.988671159 0.068666672 0.133469951 -6.300360985 -0.068438166 0.997635440 -0.006304529 -1.588829972 -0.133587264 -0.002901333 0.991032807 81.385224455
0.981508450 0.068664294 0.178679537 -6.195904555 -0.068127120 0.997634709 -0.009147877 -1.601063298 -0.178885041 -0.003194204 0.983864797 81.813424068
0.971023659 0.071200567 0.228130517 -6.091244039 -0.069721927 0.997460426 -0.014544775 -1.611013438 -0.228586759 -0.001782378 0.973521914 82.215990687
0.956922896 0.072311272 0.281193262 -5.949241362 -0.069253312 0.997382016 -0.020810891 -1.625996964 -0.281961965 0.000440854 0.959425482 82.600321192
0.938686174 0.072702597 0.337020176 -5.781918761 -0.067739616 0.997351608 -0.026478565 -1.641597157 -0.338052675 0.002025446 0.941125011 82.972789944
0.915994981 0.073535454 0.394392866 -5.594743470 -0.066215666 0.997287006 -0.032157619 -1.654728722 -0.395687606 0.003341231 0.918379091 83.323370094
0.888566670 0.073701304 0.452788461 -5.386709243 -0.063592269 0.997269954 -0.037532153 -1.674234746 -0.454318496 0.004555975 0.890827675 83.654941337
0.856869676 0.071934396 0.510489766 -5.156615500 -0.058272126 0.997385711 -0.042732925 -1.700145640 -0.512229166 0.006869223 0.858821341 83.961868088
0.821255957 0.071700962 0.566036771 -4.917382012 -0.054424413 0.997393257 -0.047377986 -1.722573690 -0.567958306 0.008103235 0.823017436 84.253383874
0.781529607 0.070157242 0.619910828 -4.683749232 -0.050890691 0.997514514 -0.048733276 -1.754398219 -0.621789040 0.006538808 0.783157477 84.533354527
0.739322088 0.069602800 0.669744952 -4.414178991 -0.049804772 0.997571282 -0.048693142 -1.786208434 -0.671507509 0.002643421 0.740993035 84.788885590
0.694992633 0.068208689 0.715774277 -4.129782772 -0.046233894 0.997669485 -0.050179943 -1.817692909 -0.717528862 0.001781659 0.696526495 85.018006916
0.649587115 0.066827452 0.757344486 -3.823637607 -0.039986712 0.997753816 -0.053743696 -1.844636417 -0.759234906 0.004627496 0.650800233 85.226355134
0.603502075 0.064180768 0.794774228 -3.505842289 -0.031300275 0.997893905 -0.056815904 -1.871194498 -0.796746847 0.009411864 0.604239918 85.416936010
0.556972001 0.066420034 0.827871107 -3.182676258 -0.030160154 0.997757102 -0.059758939 -1.899038986 -0.829983467 0.008315335 0.557726008 85.597298522
0.509955287 0.069508984 0.857387956 -2.846908956 -0.030915827 0.997566937 -0.062485336 -1.927572771 -0.859645169 0.005357870 0.510863461 85.765859531
0.464813617 0.071739434 0.882497453 -2.510421555 -0.028794260 0.997409710 -0.065914801 -1.956903195 -0.884940219 0.005227236 0.465675299 85.910696692
0.423367129 0.069137470 0.903316270 -2.163164569 -0.018836218 0.997540034 -0.067520935 -1.983800652 -0.905762370 0.011571082 0.423627949 86.028256740
0.385286604 0.061215814 0.920764279 -1.801675916 -0.001496276 0.997837389 -0.065713815 -2.011666949 -0.922795749 0.023940936 0.384544974 86.122732172
0.350590382 0.057433731 0.934766147 -1.442526210 0.004640189 0.997999001 -0.063059207 -2.039327139 -0.936517406 0.026445443 0.349622348 86.217201933
0.317443998 0.061672893 0.946269392 -1.078518294 0.003984440 0.997787310 -0.066367218 -2.068452375 -0.948268650 0.024838229 0.316495861 86.322598069
0.285955445 0.069553457 0.955715334 -0.717581833 -0.004601839 0.997450452 -0.071213889 -2.104585224 -0.958231865 0.015965951 0.285546462 86.428324890
0.257466195 0.074045194 0.963446142 -0.335295353 -0.007556174 0.997183504 -0.074618791 -2.144968827 -0.966257762 0.011931850 0.257300541 86.524021218
0.232163482 0.075774598 0.969720748 0.058717303 -0.004275049 0.997030793 -0.076885121 -2.182518321 -0.972667385 0.013704314 0.231798080 86.599411687
0.209267196 0.077089078 0.974815118 0.469613843 0.004821360 0.996794251 -0.079862223 -2.215891131 -0.977846611 0.021412478 0.208224664 86.664926850
0.189751738 0.083307626 0.978291428 0.890760590 0.013811018 0.996068750 -0.087500294 -2.238210875 -0.981734961 0.030114533 0.187855213 86.724505430
0.170272545 0.090079601 0.981271077 1.319538066 0.018011386 0.995362055 -0.094498517 -2.261546641 -0.985232384 0.033764555 0.167860372 86.788621845
0.152528983 0.091066385 0.984094418 1.755543116 0.016240676 0.995380223 -0.094627965 -2.302461669 -0.988165548 0.030415866 0.150345353 86.851265521
0.136858094 0.086733848 0.986786249 2.214934051 0.015083662 0.995861494 -0.089623483 -2.353981229 -0.990475818 0.027150049 0.134983442 86.912538155
0.123183887 0.083078868 0.988900213 2.594163854 0.016017479 0.996193360 -0.085686818 -2.410481646 -0.992254589 0.026394924 0.121384256 86.913200538
0.109966018 0.080592180 0.990662594 3.090672258 0.018783617 0.996360772 -0.083140766 -2.458044274 -0.993757843 0.027750886 0.108052014 86.962531983
0.098846013 0.079406450 0.991929474 3.568367481 0.023149262 0.996357863 -0.082067783 -2.508613170 -0.994833442 0.031074508 0.096647801 86.991208999
0.088872843 0.080013716 0.992823964 4.086536002 0.026868142 0.996212902 -0.082691945 -2.553745184 -0.995680531 0.034024403 0.086386453 87.028284286
0.081121095 0.080656978 0.993435363 4.627707724 0.029230825 0.996099045 -0.083260148 -2.599228601 -0.996275528 0.035793089 0.078446975 87.069864070
0.075560537 0.080997257 0.993846089 5.177764909 0.031289260 0.996012016 -0.083552650 -2.647071203 -0.996650183 0.037409992 0.072724859 87.108756184
0.070004042 0.082196564 0.994154494 5.746462274 0.032492361 0.995882747 -0.084627427 -2.694970925 -0.997017392 0.038226688 0.067045057 87.146174948
0.063993678 0.082949382 0.994496963 6.328150028 0.033472739 0.995800427 -0.085211999 -2.746245830 -0.997388783 0.038741567 0.060948389 87.181534333
0.060798642 0.082452628 0.994738704 6.803413951 0.036928810 0.995714226 -0.084790585 -2.798693549 -0.997466685 0.041889669 0.057493196 87.166381990
0.058025979 0.082218511 0.994923666 7.403647665 0.038688875 0.995668995 -0.084536518 -2.855874730 -0.997565114 0.043397791 0.054593727 87.193133806
0.055038869 0.081468004 0.995155107 8.021245077 0.039747397 0.995697076 -0.083710674 -2.916570093 -0.997692772 0.044162166 0.051563900 87.219686640
0.052203599 0.080830440 0.995359847 8.701426531 0.040946977 0.995707444 -0.083006212 -2.990945607 -0.997796637 0.045090200 0.048669750 87.276723824
0.053169992 0.080119557 0.995366168 9.313277854 0.046185636 0.995512123 -0.082598427 -3.039574935 -0.997516836 0.050363378 0.049230999 87.242899483
0.053704749 0.080197087 0.995331215 10.040024658 0.049882124 0.995309774 -0.082886833 -3.091829824 -0.997310169 0.054100651 0.049452461 87.312792927
0.056304503 0.080043493 0.995199901 10.719152320 0.051446468 0.995224370 -0.082956100 -3.152342968 -0.997087290 0.055870322 0.051917658 87.343334624
0.061789416 0.081307597 0.994771905 11.510134071 0.058147478 0.994690255 -0.084912705 -3.159624661 -0.996393968 0.063090184 0.056733498 87.389126398
0.066630604 0.080651366 0.994512805 12.214551617 0.058151661 0.994719699 -0.084564203 -3.226922603 -0.996081697 0.063467136 0.061588764 87.413209532
0.070845626 0.079189372 0.994338947 12.961608922 0.059628371 0.994724814 -0.083468562 -3.286209064 -0.995703447 0.065204194 0.065749969 87.463800484
0.074900441 0.077456900 0.994178230 13.712116192 0.059056610 0.994884256 -0.081961175 -3.356447458 -0.995440727 0.064851725 0.069942928 87.513991445
0.078844085 0.075650213 0.994012402 14.466972231 0.055066514 0.995263556 -0.080113255 -3.423159418 -0.995364903 0.061053255 0.074304851 87.566348203
0.082930582 0.074609496 0.993758493 15.259948652 0.054079986 0.995387167 -0.079244827 -3.492486147 -0.995086867 0.060314265 0.078513156 87.636513060
0.088610901 0.074903819 0.993245954 15.923469672 0.046145067 0.995789151 -0.079212370 -3.587181308 -0.994996855 0.052852481 0.084781333 87.584905904
0.090643804 0.079903200 0.992672745 16.842934016 0.048763402 0.995224354 -0.084561313 -3.635475859 -0.994688811 0.056071060 0.086314569 87.763573253
0.090643611 0.085384668 0.992216304 17.661231887 0.042822468 0.995062078 -0.089541593 -3.719625140 -0.994962297 0.050605524 0.086539638 87.882136540
0.090700853 0.088501712 0.991937902 18.473095855 0.039567610 0.994936681 -0.092387251 -3.797486208 -0.995091835 0.047628215 0.086739804 87.944954625
0.090481908 0.087615401 0.992036575 19.158734798 0.036250886 0.995172678 -0.091198757 -3.881489184 -0.995238111 0.044214042 0.086868987 87.993682060
0.090625019 0.085749731 0.992186520 19.951669259 0.033066261 0.995477742 -0.089054404 -3.969971889 -0.995335988 0.040878456 0.087379766 88.058526258
0.090722680 0.084494853 0.992285249 20.742420533 0.033590906 0.995567586 -0.087845500 -4.052633708 -0.995309523 0.041301339 0.087482301 88.120262798
0.091643109 0.083811891 0.992258589 21.493611518 0.029964214 0.995768418 -0.086875789 -4.134219433 -0.995340990 0.037693816 0.088743957 88.159228313
0.093083716 0.083980056 0.992110262 22.251332213 0.027016428 0.995856577 -0.086831962 -4.218340114 -0.995291683 0.034885917 0.090429190 88.179636786
0.094397353 0.083924804 0.991990810 22.983514237 0.021704284 0.996029983 -0.086331896 -4.304072923 -0.995297977 0.029679952 0.092201066 88.179742161
0.092620429 0.085581546 0.992016761 23.791526489 0.018855047 0.995969968 -0.087683007 -4.384884051 -0.995522950 0.026825761 0.090633522 88.270783444
0.089872271 0.085016298 0.992318096 24.586077056 0.015981556 0.996098640 -0.086787612 -4.469264919 -0.995825067 0.023658587 0.088162954 88.342149148
0.085466625 0.083637320 0.992824383 25.396957088 0.013322974 0.996285406 -0.085075782 -4.553305716 -0.996251953 0.020498513 0.084034853 88.424881973
0.080253422 0.081188865 0.993462509 26.211616056 0.011639390 0.996533016 -0.082380044 -4.637079787 -0.996706533 0.018174578 0.079030196 88.502351291
0.073577977 0.079356607 0.994127160 27.015359302 0.009902817 0.996721817 -0.080296660 -4.710788353 -0.997240300 0.015752725 0.072550921 88.571352602
0.066027228 0.079235775 0.994666827 27.826189221 0.009388014 0.996748662 -0.080024803 -4.798840616 -0.997773657 0.014621762 0.065068685 88.633026108
0.056911796 0.080481348 0.995130042 28.622938627 0.009502859 0.996656737 -0.081148291 -4.870097782 -0.998333984 0.014074875 0.055956722 88.686625979
0.046839251 0.081182874 0.995598024 29.420923898 0.010868852 0.996591531 -0.081775226 -4.942744049 -0.998843307 0.014651298 0.045797237 88.729027780
0.036906117 0.079433595 0.996156736 30.226235317 0.013634354 0.996703034 -0.079982290 -5.025804587 -0.999225722 0.016533790 0.035701413 88.752125602
0.026426393 0.078469743 0.996566177 31.022850720 0.013579713 0.996794170 -0.078847794 -5.103548974 -0.999558521 0.015616746 0.025276078 88.772885089
0.015464393 0.077452788 0.996876080 31.811906502 0.015757519 0.996852609 -0.077695408 -5.177646236 -0.999756247 0.016909806 0.014195256 88.782390223
0.004640051 0.077676032 0.996967855 32.595957818 0.016852699 0.996830923 -0.077743799 -5.252625379 -0.999847217 0.017162335 0.003316295 88.785774740
-0.006694373 0.078036865 0.996927998 33.376096965 0.017958890 0.996798930 -0.077906168 -5.330428474 -0.999816315 0.017382187 -0.008074399 88.789368072
-0.017405497 0.079272817 0.996700993 34.141643778 0.018155067 0.996712713 -0.078956705 -5.400848820 -0.999683671 0.016720893 -0.018787483 88.780673673
-0.027311494 0.080436077 0.996385528 34.898278491 0.020031371 0.996601238 -0.079904419 -5.471041509 -0.999426249 0.017776660 -0.028829913 88.753489230
-0.036131230 0.080848245 0.996071331 35.608913552 0.021355875 0.996556989 -0.080113007 -5.546229074 -0.999118842 0.018377393 -0.037733414 88.698596758
-0.045657136 0.081314130 0.995642224 36.356515304 0.022920007 0.996504491 -0.080333509 -5.618248827 -0.998694197 0.019152329 -0.047361261 88.662083407
-0.054817667 0.081710436 0.995147440 37.088840686 0.024571711 0.996454584 -0.080464233 -5.687962705 -0.998193996 0.020041614 -0.056631081 88.619091536
-0.062968037 0.080848797 0.994735391 37.817518782 0.025939401 0.996509193 -0.079350968 -5.765543773 -0.997678392 0.020806265 -0.064845397 88.557912324
-0.070117034 0.079450889 0.994369729 38.543755251 0.028087286 0.996585166 -0.077647356 -5.839621529 -0.997143272 0.022484744 -0.072109156 88.496833715
-0.074623984 0.077912954 0.994163383 39.260370126 0.031712347 0.996624296 -0.075725421 -5.900947839 -0.996707373 0.025876322 -0.076842878 88.425116545
-0.078654392 0.075744917 0.994020218 39.993962878 0.033833963 0.996737713 -0.073274793 -5.980726907 -0.996327632 0.027868259 -0.080960549 88.370900193
-0.081321059 0.074124016 0.993927822 40.696099302 0.035569318 0.996811288 -0.071428849 -6.054714431 -0.996053065 0.029544665 -0.083698290 88.313558005
-0.082929206 0.073155024 0.993866736 41.386237891 0.035886558 0.996874380 -0.070381996 -6.118064904 -0.995909083 0.029829733 -0.085295283 88.250282098
-0.083495635 0.073595881 0.993786760 42.061818413 0.036850511 0.996815002 -0.070724047 -6.176597843 -0.995826551 0.030716401 -0.085941747 88.189640412
-0.082716399 0.074454412 0.993787974 42.701309142 0.037078173 0.996744757 -0.071589790 -6.237909538 -0.995883129 0.030926193 -0.085207771 88.141367161
-0.079743436 0.075209800 0.993974079 43.319944574 0.037265509 0.996677456 -0.072424657 -6.312276691 -0.996118600 0.031265559 -0.082281216 88.086195503
-0.073627895 0.076109835 0.994377306 43.929363095 0.037259539 0.996597413 -0.073520908 -6.358987787 -0.996589514 0.031636851 -0.076213187 88.020954170
-0.064954684 0.076465407 0.994954235 44.499778057 0.035751747 0.996598015 -0.074257716 -6.422140792 -0.997247563 0.030747966 -0.067467481 87.971996150
-0.054432811 0.076232417 0.995603178 45.108917481 0.033780292 0.996651262 -0.074465791 -6.482263582 -0.997945871 0.029578384 -0.056825683 87.959703069
-0.040436734 0.076614289 0.996240494 45.666722813 0.032644201 0.996625018 -0.075318854 -6.535091917 -0.998648700 0.029475826 -0.042801273 87.939446827
-0.022414967 0.078276323 0.996679681 46.201164689 0.031152697 0.996500727 -0.077561656 -6.581124022 -0.999263268 0.029310718 -0.024775050 87.923168282
-0.001373793 0.080382247 0.996763165 46.731030484 0.027991186 0.996376634 -0.080312497 -6.640687114 -0.999607226 0.027790250 -0.003618810 87.939524410
0.023982594 0.083404577 0.996227139 47.253592824 0.024490333 0.996165685 -0.083988998 -6.694196782 -0.999412357 0.026412208 0.021848032 87.952265191
0.052335793 0.085175437 0.994990507 47.788083598 0.020702663 0.996049301 -0.086355020 -6.748318722 -0.998414926 0.025118412 0.050365672 87.991721061
0.085512361 0.084403531 0.992755599 48.308530577 0.016343127 0.996152439 -0.086100066 -6.803761076 -0.996203061 0.023587350 0.083803929 88.051938007
0.123586742 0.081309295 0.988997025 48.834318072 0.011933106 0.996443638 -0.083412691 -6.866877057 -0.992262021 0.022110509 0.122176950 88.128968623
0.166014103 0.077073610 0.983106798 49.340499401 0.006817683 0.996827438 -0.079300561 -6.926142223 -0.986099811 0.019867522 0.164961949 88.225699247
0.211081378 0.072273692 0.974792883 49.847760893 0.000686155 0.997251515 -0.074087414 -6.983894354 -0.977468251 0.016307333 0.210451633 88.352042493
0.259527529 0.067770789 0.963354858 50.366487819 -0.008337624 0.997654734 -0.067937588 -7.054354432 -0.965699718 0.009599584 0.259483916 88.497624001
0.310927415 0.065644276 0.948164000 50.838444559 -0.015292374 0.997828364 -0.064067927 -7.106597451 -0.950310626 0.005420796 0.311256050 88.670944758
0.366191755 0.064543365 0.928298310 51.334590992 -0.020151854 0.997907708 -0.061433785 -7.155282393 -0.930321182 0.003789613 0.366726244 88.862035589
0.422998765 0.065301837 0.903774151 51.778604771 -0.020650257 0.997835492 -0.062433139 -7.187664197 -0.905894923 0.007745973 0.423431680 89.104902290
0.481931925 0.069018255 0.873486177 52.190158940 -0.022387484 0.997537358 -0.066468189 -7.218335175 -0.875922611 0.012477985 0.482290244 89.363163967
0.540167509 0.072134292 0.838460319 52.588041359 -0.023659332 0.997227546 -0.070551104 -7.251826484 -0.841224880 0.018272003 0.540376568 89.651932638
0.597291122 0.076896917 0.798329618 52.969325202 -0.030723372 0.996856189 -0.073032953 -7.277548465 -0.801435830 0.019094556 0.597775885 89.963087650
0.651737411 0.079990984 0.754214684 53.309783537 -0.037281684 0.996599464 -0.073481868 -7.304365868 -0.757527836 0.019772489 0.652503353 90.297971039
0.703157831 0.080140808 0.706503019 53.620016002 -0.040998666 0.996544524 -0.072236564 -7.340604684 -0.709850812 0.021828025 0.704013752 90.654374640
0.750361603 0.077482585 0.656470802 53.900405202 -0.043359159 0.996736999 -0.068083319 -7.378658958 -0.659604009 0.022623086 0.751272752 91.028921069
0.793268565 0.073623319 0.604404327 54.143381657 -0.047225965 0.997111960 -0.059476443 -7.412756776 -0.607037637 0.018637215 0.794454506 91.420872815
0.832589277 0.068229641 0.549672459 54.369987749 -0.049304207 0.997573962 -0.049145558 -7.443127213 -0.551692116 0.013816900 0.833933392 91.838012481
0.866887882 0.065684112 0.494156856 54.567177937 -0.052992522 0.997806775 -0.039666508 -7.467304902 -0.495678518 0.008199797 0.868467369 92.270970678
0.895785193 0.062160669 0.440119232 54.730864876 -0.054811676 0.998063698 -0.029402985 -7.490654501 -0.441094737 0.002215086 0.897457813 92.690706475
0.919130199 0.062875065 0.388904107 54.870001809 -0.059356122 0.998014481 -0.021070030 -7.514262203 -0.389456710 -0.003717738 0.921037268 93.122550804
0.937268515 0.064613366 0.342568013 54.992329859 -0.063307625 0.997881253 -0.015004972 -7.533627509 -0.342811719 -0.007623479 0.939373199 93.572018111
0.950531452 0.070592388 0.302500700 55.090699022 -0.070837841 0.997435953 -0.010174489 -7.547240552 -0.302443316 -0.011757325 0.953094857 94.028385314
0.960799132 0.074890103 0.266939133 55.182445656 -0.075078304 0.997132236 -0.009515904 -7.551297302 -0.266886262 -0.010898465 0.963666408 94.489764208
0.968754482 0.076795326 0.235833059 55.272570870 -0.077118046 0.996990915 -0.007869081 -7.555212959 -0.235727726 -0.010563777 0.971761723 94.958077084
0.974327055 0.071149536 0.213599000 55.369119425 -0.071342776 0.997428585 -0.006813631 -7.561896621 -0.213534535 -0.008600040 0.976897662 95.439887811
0.977833374 0.068125413 0.197991970 55.457046632 -0.068400799 0.997643003 -0.005456068 -7.571163436 -0.197897001 -0.008207683 0.980188457 95.912432138
0.980057469 0.072191176 0.185137226 55.535836876 -0.072470861 0.997356634 -0.005264959 -7.575988885 -0.185027924 -0.008257092 0.982698574 96.412831221
0.981417811 0.077476584 0.175546172 55.606591526 -0.077903262 0.996950902 -0.004470058 -7.576032461 -0.175357240 -0.009288625 0.984461051 96.926224811
0.981821727 0.085272339 0.169572179 55.677002612 -0.085577236 0.996316229 -0.005523461 -7.578860158 -0.169418513 -0.009088464 0.985502292 97.442148298
0.981903234 0.090642927 0.166282586 55.756397217 -0.090403728 0.995864325 -0.009022858 -7.583794575 -0.166412753 -0.006172993 0.986036860 97.976166090
0.981961582 0.091715171 0.165347451 55.841799069 -0.091048018 0.995778636 -0.011626139 -7.595666463 -0.165715752 -0.003638135 0.986166849 98.518628283
0.981709341 0.089979614 0.167780925 55.936155562 -0.088631915 0.995943541 -0.015519261 -7.606217622 -0.168496745 0.000364658 0.985702143 99.069766638
0.981245094 0.088142462 0.171432118 56.036343983 -0.085591419 0.996082287 -0.022230288 -7.615267241 -0.172719929 0.007140243 0.984945096 99.619241787
0.980535407 0.088285413 0.175373890 56.137834718 -0.084767652 0.996022164 -0.027464427 -7.624133980 -0.177100989 0.012063810 0.984118745 100.178004908
0.979262395 0.093173927 0.179899361 56.232318861 -0.089701611 0.995592840 -0.027359071 -7.640675915 -0.181655668 0.010654447 0.983304480 100.758911500
0.977620845 0.098077458 0.186113665 56.329285494 -0.095528723 0.995169277 -0.022635639 -7.675620777 -0.187434647 0.004349871 0.982267444 101.353820579
0.976882461 0.095453179 0.191283424 56.445390288 -0.093713478 0.995433900 -0.018142070 -7.696530207 -0.192141723 -0.000203165 0.981367167 101.964633374
0.976427798 0.091504961 0.195488101 56.572509788 -0.090779230 0.995790210 -0.012688143 -7.715387815 -0.195826166 -0.005357203 0.980623992 102.583288313
0.975813765 0.089323045 0.199521654 56.698905887 -0.089520514 0.995952446 -0.008050030 -7.732559318 -0.199433133 -0.010005951 0.979860350 103.215595606
0.975625462 0.084666702 0.202451245 56.832878023 -0.084878200 0.996361944 -0.007652937 -7.742511533 -0.202362665 -0.009717297 0.979262440 103.857098206
0.975901133 0.080929158 0.202651056 56.969267055 -0.080383371 0.996704027 -0.010936014 -7.753900977 -0.202868166 -0.005617307 0.979189947 104.501391897
0.976105863 0.080135329 0.201979389 57.101182373 -0.078130036 0.996782567 -0.017894465 -7.770027531 -0.202763512 0.001686235 0.979226284 105.159843910
0.976242571 0.082083612 0.200531104 57.236169872 -0.078756484 0.996592112 -0.024527109 -7.784660445 -0.201860990 0.008151283 0.979380262 105.817017920
0.976621055 0.084592511 0.197624449 57.368351842 -0.080573664 0.996346715 -0.028303853 -7.795230105 -0.199296765 0.011718813 0.979869108 106.500448278
0.977258949 0.083070505 0.195100584 57.509678077 -0.079964595 0.996514579 -0.023756226 -7.814157563 -0.196394018 0.007614845 0.980495489 107.185234288
0.977841655 0.079155974 0.193804101 57.653185434 -0.077573758 0.996862175 -0.015751702 -7.837411583 -0.194442819 0.000368558 0.980913785 107.886619014
0.978228367 0.079739881 0.191600663 57.789953966 -0.079350640 0.996799414 -0.009716146 -7.859523868 -0.191762193 -0.005699025 0.981424874 108.605636353
0.978354921 0.082925874 0.189591531 57.922501079 -0.082454424 0.996540704 -0.010387156 -7.874581867 -0.189797042 -0.005470335 0.981808107 109.327856826
0.978370656 0.088309526 0.187062256 58.053342828 -0.087032905 0.996091855 -0.015042906 -7.886087669 -0.187659622 -0.001563034 0.982232876 110.061005646
0.979154908 0.088736610 0.182705992 58.190401495 -0.086469342 0.996046556 -0.020354639 -7.898087313 -0.183789876 0.004131878 0.982956870 110.810784544
0.980130736 0.087072051 0.178219522 58.327649638 -0.084272877 0.996171865 -0.023231410 -7.915236456 -0.179560080 0.007750747 0.983716475 111.568786842
0.981057245 0.084446775 0.174342835 58.461015363 -0.081961699 0.996405311 -0.021418124 -7.939849213 -0.175524818 0.006722970 0.984452051 112.328983100
0.981887059 0.080235502 0.171639354 58.576092527 -0.078177087 0.996763534 -0.018729693 -7.970007342 -0.172586635 0.004972178 0.984981792 113.110890362
0.982372570 0.078010501 0.169877886 58.696043427 -0.076496421 0.996950148 -0.015449891 -8.005946725 -0.170565037 0.002182498 0.985344003 113.885037281
0.982811781 0.075021464 0.168679526 58.836704606 -0.073787403 0.997181512 -0.013581304 -8.011645807 -0.169222994 0.000901442 0.985577377 114.650832462
0.983268860 0.069950856 0.168194016 58.975777055 -0.068869596 0.997550327 -0.012260666 -8.031822865 -0.168639640 0.000472077 0.985677660 115.448405627
0.983330020 0.070791315 0.167483317 59.112008550 -0.070024739 0.997490141 -0.010485881 -8.053726760 -0.167805267 -0.001416894 0.985819144 116.252980708
0.982757117 0.075455226 0.168804496 59.215546070 -0.074415809 0.997149148 -0.012484549 -8.071154086 -0.169265284 -0.000292443 0.985570484 117.131365203
0.982220632 0.081850957 0.168946891 59.352059308 -0.080255858 0.996641662 -0.016260222 -8.082285717 -0.169710425 0.002412148 0.985491021 117.925600686
0.981161811 0.089900550 0.170995298 59.445061000 -0.088040515 0.995946097 -0.018445597 -8.089293243 -0.171960369 0.003043601 0.985099167 118.844967717
0.980035182 0.097945645 0.173025119 59.540041820 -0.095814492 0.995185048 -0.020647109 -8.097818228 -0.174214306 0.003656579 0.984700972 119.764119569
0.979134934 0.100896743 0.176393393 59.671055687 -0.099191808 0.994896724 -0.018479575 -8.129029871 -0.177357738 0.000597218 0.984146268 120.607093701
0.978513104 0.101647996 0.179387265 59.805359671 -0.099748768 0.994819599 -0.019599735 -8.153287117 -0.180450241 0.001284939 0.983583275 121.455476662
0.978451636 0.099753002 0.180780903 59.959093476 -0.097250421 0.995001564 -0.022676945 -8.176181824 -0.182139374 0.004607275 0.983261929 122.296142350
0.978960680 0.093673522 0.181276744 60.147123655 -0.091370553 0.995594826 -0.021032456 -8.212139779 -0.182448373 0.004026591 0.983207190 123.072538924
0.979408789 0.086579605 0.182379812 60.300622680 -0.083805580 0.996219480 -0.022877352 -8.237580470 -0.183671033 0.007121833 0.982961968 124.022486484
0.979801781 0.079484434 0.183495761 60.455224506 -0.076233740 0.996783656 -0.024713543 -8.264957823 -0.184869917 0.010225806 0.982709798 124.972201337
0.979225852 0.082283168 0.185327310 60.605419465 -0.079646817 0.996588259 -0.021638560 -8.298356798 -0.186475510 0.006428307 0.982438579 125.826564149
0.978616476 0.085132148 0.187249324 60.748663580 -0.083594019 0.996369663 -0.016110101 -8.322952634 -0.187941034 0.000112686 0.982180307 126.695104303
0.978042054 0.089091925 0.188404800 60.899855280 -0.088431380 0.996010874 -0.011926011 -8.354259775 -0.188715741 -0.004996756 0.982019043 127.546826821
0.978071509 0.087700612 0.188904011 61.075735424 -0.085746661 0.996145059 -0.018507629 -8.383701663 -0.189798927 0.001903896 0.981821136 128.419909976
0.978632476 0.083032717 0.188106472 61.246194688 -0.078173430 0.996389510 -0.033118854 -8.415721165 -0.190177264 0.017706257 0.981590086 129.267480221
0.979158309 0.078349533 0.187377577 61.416040513 -0.070592635 0.996362736 -0.047728176 -8.460317351 -0.190435516 0.033505963 0.981127751 130.114605067
0.979441992 0.075502589 0.187063473 61.573746092 -0.069486524 0.996838876 -0.038521130 -8.497683736 -0.189380587 0.024730822 0.981592267 130.949163961
0.979904679 0.069787253 0.186859730 61.739170463 -0.067659504 0.997550594 -0.017748346 -8.535277514 -0.187640643 0.004748851 0.982226266 131.789671006
0.980125321 0.067119503 0.186679744 61.897040068 -0.067853530 0.997692255 -0.002462215 -8.575098706 -0.186414198 -0.010253601 0.982417737 132.651853947
0.980024867 0.071525580 0.185567649 62.044496603 -0.071266268 0.997424632 -0.008076085 -8.600685956 -0.185667391 -0.005309949 0.982598303 133.414879577
0.979945477 0.079040517 0.182919266 62.180878865 -0.075835001 0.996820216 -0.024464449 -8.611485956 -0.184271305 0.010102143 0.982823500 134.205324691
0.980331580 0.079379802 0.180689902 62.353616875 -0.074720249 0.996676068 -0.032460747 -8.629357362 -0.182666029 0.018321101 0.983004303 135.013067870
0.981086260 0.075376498 0.178292271 62.511751601 -0.070585813 0.996957333 -0.033071436 -8.664623812 -0.180242596 0.019861027 0.983421652 135.813417405
0.981538693 0.075439925 0.175757252 62.650361708 -0.071075361 0.996988923 -0.031006133 -8.710535248 -0.177567134 0.017941709 0.983945124 136.636326318
0.982286172 0.074539528 0.171923630 62.786964045 -0.070001811 0.997023290 -0.032315711 -8.738540801 -0.173820661 0.019708310 0.984580093 137.460820967
0.983081913 0.075161471 0.167035041 62.915615236 -0.070424720 0.996933698 -0.034111014 -8.766622920 -0.169086695 0.021770525 0.985360713 138.274776777
0.983207278 0.080551646 0.163752501 63.048123434 -0.076009260 0.996533098 -0.033828639 -8.808464697 -0.165909739 0.020813857 0.985921265 139.089570890
0.982985140 0.086473959 0.162056992 63.157207385 -0.082000622 0.996048584 -0.034104495 -8.840439362 -0.164365788 0.020235438 0.986191875 139.920784869
0.983194385 0.087800411 0.160062141 63.282014971 -0.083767937 0.995978323 -0.031782289 -8.881702112 -0.162208920 0.017840093 0.986595154 140.721547308
0.983472481 0.086045721 0.159304781 63.405717129 -0.082786182 0.996201557 -0.026998245 -8.914586920 -0.161022755 0.013363797 0.986860214 141.536887497
0.983896547 0.084147222 0.157692201 63.531444634 -0.080909522 0.996359692 -0.026851686 -8.952977287 -0.159377648 0.013660480 0.987123172 142.332630040
0.984558710 0.082464855 0.154414035 63.657808850 -0.078839149 0.996451679 -0.029469293 -8.990873467 -0.156296306 0.016840378 0.987566639 143.132944139
0.985780289 0.077399213 0.149152886 63.784324476 -0.073252201 0.996763751 -0.033108004 -9.024502399 -0.151232724 0.021711440 0.988259721 143.930571533
0.987036136 0.074276610 0.142276669 63.896758913 -0.070089127 0.996953346 -0.034227770 -9.051232052 -0.144385524 0.023811998 0.989234962 144.737539893
0.987872636 0.072833339 0.137123888 63.988748790 -0.069521397 0.997164777 -0.028795523 -9.079557015 -0.138832385 0.018913265 0.990135272 145.555045285
0.988820784 0.070503864 0.131387451 64.090764230 -0.068483308 0.997454969 -0.019839884 -9.116458057 -0.132451855 0.010620242 0.991132542 146.352328253
0.989460316 0.067731948 0.127986980 64.188883666 -0.066978992 0.997702423 -0.010182867 -9.143193012 -0.128382625 0.001503104 0.991723571 147.149627288
0.989479589 0.074552546 0.123984117 64.275892339 -0.074251598 0.997214599 -0.007052892 -9.170266988 -0.124164582 -0.002227326 0.992259137 147.939734568
0.989946988 0.077287859 0.118454836 64.369627621 -0.076436799 0.997005569 -0.011717944 -9.188207688 -0.119005786 0.002545835 0.992890297 148.730354790
0.990804463 0.077303809 0.111043402 64.437180626 -0.075346295 0.996920757 -0.021724179 -9.208066377 -0.112380834 0.013157705 0.993578091 149.501840015
0.991798773 0.073876926 0.104294741 64.515901974 -0.071442771 0.997082165 -0.026890262 -9.228531505 -0.105976996 0.019218624 0.994182841 150.298634128
0.992502494 0.073201582 0.097879144 64.584936727 -0.071009079 0.997144436 -0.025703767 -9.252376855 -0.099481201 0.018560745 0.994866317 151.084366008
0.992661675 0.080182482 0.090518337 64.636949315 -0.078536051 0.996676978 -0.021612267 -9.288030228 -0.091950468 0.014344717 0.995660254 151.893554324
0.992899688 0.085761440 0.082432914 64.682727558 -0.084167633 0.996194711 -0.022625382 -9.317975225 -0.084059618 0.015526552 0.996339755 152.700077297
0.993484840 0.088170167 0.072207297 64.720666043 -0.086352597 0.995873226 -0.027923940 -9.345786513 -0.074371372 0.021506724 0.996998676 153.492494689
0.994207149 0.086888783 0.063265185 64.769803764 -0.085123885 0.995916148 -0.030082380 -9.371504895 -0.065620641 0.024522739 0.997543266 154.306846118
0.994690268 0.086802387 0.055286677 64.805085660 -0.085440741 0.995989758 -0.026538304 -9.404346875 -0.057368553 0.021673658 0.998117779 155.121959931
0.994905722 0.088830023 0.047663726 64.827748893 -0.087994695 0.995932973 -0.019350647 -9.433792863 -0.049188795 0.015057914 0.998675984 155.970883422
0.994917622 0.092467170 0.039859090 64.843348896 -0.092021634 0.995673767 -0.012875102 -9.463472977 -0.040877174 0.009141767 0.999122357 156.785727270
