1.000000000 0.000000000 0.000000000 0.000000000 0.000000000 1.000000000 0.000000000 0.000000000 0.000000000 0.000000000 1.000000000 0.000000000
0.999990596 -0.002812529 -0.003301189 -0.005981437 0.002805479 0.999993779 -0.002138182 -0.008206457 0.003307182 0.002128901 0.999992265 0.657556983
0.999973354 -0.001307633 -0.007182087 -0.022822564 0.001281885 0.999992740 -0.003588401 -0.013622558 0.007186728 0.003579099 0.999967770 1.347767136
0.999938001 -0.001507309 -0.011032733 -0.036093935 0.001447945 0.999984443 -0.005386756 -0.012222417 0.011040681 0.005370447 0.999924628 2.027500339
0.999886984 0.000345383 -0.015029960 -0.059993839 -0.000434087 0.999982507 -0.005898897 -0.017746403 0.015027659 0.005904755 0.999869643 2.730532666
0.999802323 -0.000647177 -0.019871994 -0.072889875 0.000527439 0.999981680 -0.006030089 -0.030680219 0.019875533 0.006018416 0.999784348 3.458341561
0.999722810 0.001383368 -0.023502982 -0.117649268 -0.001556754 0.999971700 -0.007360483 -0.040662043 0.023492135 0.007395032 0.999696671 4.202347852
0.999586106 0.004060740 -0.028480294 -0.144750233 -0.004300448 0.999955804 -0.008360418 -0.043192412 0.028445086 0.008479436 0.999559391 4.990753360
0.999434532 0.004436152 -0.033330731 -0.168341093 -0.004659035 0.999967285 -0.006612322 -0.056611580 0.033300307 0.006763872 0.999422503 5.775258575
0.999286396 0.003605412 -0.037599188 -0.209674894 -0.003755601 0.999985246 -0.003924593 -0.067287418 0.037584484 0.004063000 0.999285194 6.581875967
0.999119078 0.002949727 -0.041861276 -0.234370955 -0.002989124 0.999995147 -0.000878566 -0.084778761 0.041858482 0.001002921 0.999123046 7.396385228
0.998997076 0.004728242 -0.044525109 -0.281576684 -0.004815916 0.999986670 -0.001862022 -0.089491377 0.044515712 0.002074584 0.999006530 8.209890868
0.998864894 0.004464981 -0.047423486 -0.311885483 -0.004578294 0.999986918 -0.002281042 -0.095848172 0.047412681 0.002495571 0.998872269 9.047523068
0.998741620 0.001138231 -0.050138619 -0.345273199 -0.001285369 0.999994962 -0.002902480 -0.103044110 0.050135063 0.002963275 0.998738051 9.884273301
0.998667831 0.001333643 -0.051582803 -0.399420983 -0.001445905 0.999996667 -0.002139080 -0.111786022 0.051579778 0.002210814 0.998666430 10.716971708
0.998522462 -0.000286780 -0.054339767 -0.418938470 0.000176926 0.999997931 -0.002026407 -0.125799364 0.054340236 0.002013799 0.998520447 11.575879894
0.998419619 0.001916406 -0.056165745 -0.478214455 -0.002174252 0.999987376 -0.004530056 -0.132941815 0.056156355 0.004645016 0.998411182 12.424733931
0.998378940 0.002369681 -0.056867192 -0.552318062 -0.002776244 0.999971143 -0.007071400 -0.145232324 0.056848794 0.007217814 0.998356709 13.297327875
0.998255357 0.006248147 -0.058712882 -0.607005698 -0.006772853 0.999938851 -0.008742056 -0.162742849 0.058654670 0.009124458 0.998236632 14.179449459
0.998161333 0.006990192 -0.060208725 -0.658344475 -0.007498499 0.999938095 -0.008220619 -0.180308387 0.060147534 0.008656979 0.998151958 15.069537785
0.998039109 0.006044266 -0.062300910 -0.691476223 -0.006492526 0.999954456 -0.006995154 -0.189290813 0.062255792 0.007385928 0.998032897 15.937460292
0.997939286 0.006420907 -0.063843194 -0.753072337 -0.006780404 0.999962347 -0.005415861 -0.205373736 0.063806015 0.005837583 0.997945247 16.840846069
0.997839435 0.006144468 -0.065411836 -0.803635167 -0.006489733 0.999966103 -0.005067155 -0.224791452 0.065378484 0.005480713 0.997845487 17.730132017
0.997686332 0.006138855 -0.067707435 -0.855785682 -0.006541466 0.999962209 -0.005726233 -0.241214082 0.067669723 0.006155890 0.997688786 18.635737881
0.997609383 0.004847286 -0.068934920 -0.911209031 -0.005312761 0.999964300 -0.006570646 -0.255595821 0.068900609 0.006921173 0.997599521 19.529089771
0.997531158 0.004837739 -0.070058437 -0.963151776 -0.005185506 0.999975117 -0.004782943 -0.271234058 0.070033555 0.005134423 0.997531422 20.443763171
0.997747115 0.005844117 -0.066832191 -1.111788162 -0.005975246 0.999980595 -0.001762339 -0.270717802 0.066820595 0.002157707 0.997762673 21.290179785
0.997825447 0.006869643 -0.065552921 -1.185161847 -0.006758527 0.999975324 0.001916672 -0.280461579 0.065564470 -0.001469462 0.997847253 22.195703512
0.997872257 0.005868247 -0.064934755 -1.223125092 -0.005565336 0.999972777 0.004844762 -0.293692082 0.064961418 -0.004473070 0.997877751 23.127044166
0.997957106 0.006113341 -0.063594354 -1.285306069 -0.005769101 0.999967705 0.005595277 -0.302841091 0.063626506 -0.005216964 0.997960145 24.058388574
0.998020081 0.006521614 -0.062557060 -1.331047033 -0.006361448 0.999975959 0.002759149 -0.311512279 0.062573551 -0.002355733 0.998037575 24.982328051
0.998103697 0.010237292 -0.060697679 -1.412000395 -0.010324872 0.999946059 -0.001129418 -0.372121260 0.060682843 0.001753972 0.998155557 25.908630387
0.998204908 0.008800211 -0.059241177 -1.483418700 -0.009069437 0.999949724 -0.004277230 -0.377292397 0.059200558 0.004806836 0.998234536 26.845273234
0.998259718 0.006801069 -0.058577138 -1.532096418 -0.006997024 0.999970588 -0.003140774 -0.393221786 0.058554054 0.003545174 0.998277944 27.795331545
0.998277700 0.006140654 -0.058343181 -1.590051693 -0.006083699 0.999980829 0.001153777 -0.386476917 0.058349147 -0.000796848 0.998295919 28.673581118
0.998242132 0.002191057 -0.059227069 -1.651503678 -0.001915314 0.999987064 0.004712064 -0.400528410 0.059236627 -0.004590343 0.998233415 29.657743446
0.998371457 -0.006733629 -0.056648851 -1.822264595 0.006940955 0.999969912 0.003463887 -0.374817260 0.056623823 -0.003851443 0.998388156 30.454418205
0.998048496 -0.006257416 -0.062129261 -1.740073371 0.006266968 0.999980362 -0.000041125 -0.417812418 0.062128299 -0.000348318 0.998068110 31.512182913
0.997977256 -0.006071726 -0.063281365 -1.814409704 0.005829356 0.999974953 -0.004013966 -0.427517751 0.063304152 0.003636957 0.997987654 32.481680575
0.997787057 -0.004187315 -0.066358536 -1.846645650 0.003872398 0.999980626 -0.004873617 -0.440802993 0.066377657 0.004605865 0.997783941 33.443364528
0.997766470 -0.003343366 -0.066715021 -1.926848255 0.003067693 0.999986331 -0.004234111 -0.448585462 0.066728265 0.004019993 0.997763087 34.437110933
0.997618373 0.000607112 -0.068972561 -1.962084862 -0.000671742 0.999999357 -0.000913848 -0.481950622 0.068971962 0.000958003 0.997618139 35.403505690
0.997533705 0.001099948 -0.070180464 -2.036778262 -0.001103794 0.999999391 -0.000016021 -0.492397522 0.070180403 0.000093446 0.997534311 36.365882143
0.997405228 0.004941717 -0.071821931 -2.098833678 -0.004749418 0.999984666 0.002847984 -0.531619078 0.071834903 -0.002499482 0.997413404 37.373205273
0.997404140 0.005107037 -0.071825475 -2.172176074 -0.004706949 0.999972457 0.005738435 -0.541692162 0.071852803 -0.005385460 0.997400708 38.344365621
0.997290675 0.010411483 -0.072821088 -2.252059551 -0.009867356 0.999920677 0.007827877 -0.539151046 0.072896812 -0.007088117 0.997314300 39.385497062
0.997276929 0.010305692 -0.073024099 -2.331986651 -0.009801927 0.999925651 0.007253636 -0.549696105 0.073093423 -0.006518107 0.997303798 40.365955151
0.997277476 0.009973721 -0.073062715 -2.410570093 -0.009612256 0.999939770 0.005297277 -0.544754776 0.073111148 -0.004580557 0.997313280 41.387844197
0.997254937 0.012109685 -0.073047557 -2.494699204 -0.011935462 0.999924790 0.002821131 -0.550702621 0.073076226 -0.001941531 0.997324469 42.378083527
0.997188257 0.011839776 -0.073995950 -2.577120091 -0.011672413 0.999928246 0.002693839 -0.557346355 0.074022535 -0.001822553 0.997254904 43.372008252
0.997055319 0.010612390 -0.075947799 -2.624701410 -0.010318910 0.999937703 0.004255618 -0.577440129 0.075988230 -0.003459388 0.997102714 44.328111426
0.996994100 0.011097570 -0.076678600 -2.712806812 -0.010722581 0.999928464 0.005300377 -0.588612448 0.076731936 -0.004462252 0.997041774 45.317463582
0.996971923 0.013054454 -0.076658757 -2.821326667 -0.012976450 0.999914654 0.001515597 -0.593479627 0.076672000 -0.000516249 0.997056236 46.326085303
0.996788732 0.012338179 -0.079120114 -2.872400195 -0.012575437 0.999917798 -0.002501120 -0.598856792 0.079082751 0.003488058 0.996861952 47.318759659
0.996674156 0.013235050 -0.080408082 -2.941642777 -0.013584132 0.999900526 -0.003795892 -0.613709863 0.080349845 0.004875542 0.996754800 48.286536569
0.996635559 0.011988570 -0.081079205 -3.013311346 -0.012052600 0.999927320 -0.000300346 -0.628076423 0.081069711 0.001276551 0.996707616 49.260645433
0.996655257 0.010469232 -0.081047473 -3.100839181 -0.010290812 0.999943619 0.002618837 -0.643410267 0.081070321 -0.001776033 0.996706802 50.231774117
0.996648596 0.008756871 -0.081331992 -3.181860325 -0.008515621 0.999958254 0.003312646 -0.655943033 0.081357605 -0.002608951 0.996681561 51.220335133
0.996668877 0.005899879 -0.081340898 -3.262130276 -0.005761366 0.999981526 0.001937469 -0.668546728 0.081350826 -0.001462381 0.996684456 52.176420219
0.996617541 0.003739578 -0.082094415 -3.343641272 -0.003704338 0.999992970 0.000581563 -0.686153001 0.082096013 -0.000275490 0.996624387 53.108401525
0.996506967 0.002174662 -0.083481344 -3.422841983 -0.002062513 0.999996851 0.001429614 -0.694189802 0.083484191 -0.001252439 0.996508315 54.053242376
0.996387746 -0.000901273 -0.084915527 -3.496305094 0.001400064 0.999982115 0.005814606 -0.707491052 0.084908768 -0.005912489 0.996371188 54.991887547
0.996323598 -0.001667774 -0.085653407 -3.576235484 0.002568647 0.999942531 0.010408528 -0.712719564 0.085631125 -0.010590275 0.996270624 55.928787402
0.996255540 0.001156541 -0.086449763 -3.652335269 -0.000057367 0.999919147 0.012716000 -0.728978238 0.086457479 -0.012663426 0.996175056 56.845896555
0.996099490 0.002340039 -0.088206178 -3.737922565 -0.001601757 0.999963101 0.008439812 -0.732917488 0.088222672 -0.008265608 0.996066484 57.770045255
0.996037269 0.004400556 -0.088827888 -3.847000162 -0.004358027 0.999990277 0.000672719 -0.742096272 0.088829985 -0.000282939 0.996046763 58.635260265
0.995928124 0.006126452 -0.089942422 -3.934278267 -0.006553503 0.999968608 -0.004453503 -0.753127394 0.089912315 0.005024807 0.995937010 59.540560876
0.995828307 0.011580060 -0.090509036 -4.035340083 -0.011924612 0.999923562 -0.003266982 -0.775171470 0.090464285 0.004332639 0.995890276 60.407355356
0.995892558 0.012739280 -0.089642195 -4.182982878 -0.012893854 0.999916215 -0.001145451 -0.770638552 0.089620092 0.002296580 0.995973376 61.204937345
0.995690405 0.016280273 -0.091299346 -4.233348197 -0.016294180 0.999867065 0.000593099 -0.791844044 0.091296865 0.000897105 0.995823316 61.932471934
0.995340369 0.015860915 -0.095110359 -4.243775578 -0.016198486 0.999864936 -0.002778194 -0.696727624 0.095053448 0.004305892 0.995462858 63.068971352
0.995143411 0.017592379 -0.096850914 -4.325848565 -0.017863053 0.999838583 -0.001928326 -0.715110159 0.096801356 0.003649014 0.995297032 63.896444026
0.994978624 0.018166857 -0.098425115 -4.417036915 -0.018436397 0.999828361 -0.001829641 -0.721360114 0.098374983 0.003635058 0.995142778 64.755247919
0.994973950 0.018926695 -0.098329137 -4.550327010 -0.019175685 0.999814869 -0.001587694 -0.724679996 0.098280883 0.003465243 0.995152682 65.480416082
0.994828597 0.018090064 -0.099944046 -4.639997673 -0.018237786 0.999833518 -0.000564502 -0.736521082 0.099917195 0.002384341 0.994992899 66.331431461
0.994601983 0.020763875 -0.101664925 -4.719294291 -0.020667598 0.999784401 0.002000340 -0.746530635 0.101684541 0.000111627 0.994816687 67.129291488
0.994477778 0.022573543 -0.102490894 -4.815868615 -0.022074066 0.999738303 0.006005092 -0.757704887 0.102599629 -0.003709540 0.994715816 67.910457680
0.994273746 0.025740971 -0.103716539 -4.926928356 -0.025104014 0.999657142 0.007442240 -0.760415995 0.103872549 -0.004795922 0.994579053 68.684747977
0.994044161 0.028436028 -0.105202655 -5.014880352 -0.028251045 0.999595581 0.003248411 -0.771877679 0.105252481 -0.000256979 0.994445498 69.433407176
0.993949834 0.028324635 -0.106119946 -5.109652470 -0.028940482 0.999572027 -0.004267569 -0.779258956 0.105953652 0.007312912 0.994344178 70.138177244
0.993792374 0.027339222 -0.107839156 -5.185902487 -0.028598668 0.999539446 -0.010149443 -0.791913817 0.107512013 0.013170495 0.994116545 70.838281298
0.993685832 0.027954805 -0.108660006 -5.261876914 -0.029395227 0.999499661 -0.011676816 -0.797894379 0.108279216 0.014797172 0.994010390 71.539681603
0.993529048 0.031047565 -0.109252368 -5.348190051 -0.032138055 0.999449519 -0.008234304 -0.813670887 0.108936572 0.011692179 0.993979938 72.188972769
0.993346744 0.031400058 -0.110798386 -5.422622569 -0.032250012 0.999462496 -0.005886948 -0.834411586 0.110553981 0.009421030 0.993825468 72.841691836
0.993275549 0.028129685 -0.112304965 -5.486711818 -0.029344026 0.999527269 -0.009174271 -0.851311314 0.111993806 0.012408059 0.993631434 73.481790294
0.993443850 0.019955510 -0.112565960 -5.546637467 -0.021739312 0.999656456 -0.014641477 -0.865756544 0.112235111 0.016992592 0.993536377 74.100132788
0.993635261 0.015845852 -0.111525228 -5.614861245 -0.018167388 0.999638277 -0.019830826 -0.875580642 0.111170651 0.021730730 0.993563718 74.699802060
0.993920441 0.018355283 -0.108559849 -5.685327305 -0.020701275 0.999575048 -0.020522670 -0.886369407 0.108137017 0.022645229 0.993878050 75.295273700
0.994240038 0.023565267 -0.104553458 -5.753595824 -0.025569812 0.999513243 -0.017873478 -0.902027159 0.104081372 0.020443940 0.994358644 75.862706557
0.994726307 0.021933191 -0.100192360 -5.804952588 -0.023548940 0.999610564 -0.014972205 -0.917207185 0.099824953 0.017252670 0.994855429 76.424865804
0.995305380 0.018278799 -0.095042545 -5.832147245 -0.019398163 0.999752781 -0.010866877 -0.936438966 0.094820415 0.012659512 0.995413897 76.972908708
0.996127976 0.014103743 -0.086776373 -5.872344513 -0.014821930 0.999860980 -0.007637527 -0.955027376 0.086656592 0.008894147 0.996198539 77.500853083
0.996952984 0.017653532 -0.075980921 -5.914361422 -0.018330940 0.999798124 -0.008227293 -0.964193030 0.075820342 0.009595026 0.997075329 78.017822898
0.997886566 0.023095151 -0.060737271 -5.954641015 -0.023695753 0.999677005 -0.009186810 -0.974602197 0.060505482 0.010606610 0.998111510 78.517490760
0.998697812 0.028214539 -0.042504364 -5.979214627 -0.028626422 0.999548639 -0.009112981 -0.982674318 0.042228061 0.010317862 0.999054720 79.014108440
0.999438321 0.026468852 -0.020553421 -5.975404063 -0.026659576 0.999603499 -0.009061513 -0.990686703 0.020305424 0.009604368 0.999747691 79.495080013
0.999717552 0.023088954 0.005631653 -5.953549495 -0.023039156 0.999696248 -0.008752663 -1.000972380 -0.005832033 0.008620442 0.999945836 79.961911710
0.999130767 0.022134840 0.035323647 -5.920598610 -0.021875495 0.999730960 -0.007711676 -1.012595833 -0.035484840 0.006932251 0.999346171 80.417447777
0.997417588 0.021777078 0.068439122 -5.869127936 -0.021361267 0.999748685 -0.006801691 -1.023391845 -0.068570043 0.005322180 0.997632108 80.870095323
0.994123245 0.021980000 0.105999310 -5.796298448 -0.021380340 0.999748354 -0.006790386 -1.035212039 -0.106121889 0.004484179 0.994343018 81.317890195
0.988749741 0.022277206 0.147911041 -5.711446167 -0.021437523 0.999743765 -0.007268913 -1.047256260 -0.148035072 0.004016289 0.988973957 81.753303284
0.980926140 0.022047069 0.193126475 -5.599639837 -0.020950946 0.999750726 -0.007716408 -1.061356705 -0.193248458 0.003523044 0.981143528 82.174223008
0.969948995 0.024301858 0.242091650 -5.468880914 -0.022461810 0.999694041 -0.010358112 -1.076786762 -0.242269301 0.004609024 0.970198095 82.577477300
0.955129753 0.025061677 0.295125510 -5.309490794 -0.022049863 0.999665326 -0.013529192 -1.095181988 -0.295365804 0.006414657 0.955362703 82.972833316
0.935971022 0.025060231 0.351184042 -5.131849186 -0.020778263 0.999656763 -0.015956811 -1.112839410 -0.351463384 0.007638119 0.936170470 83.346417380
0.912181619 0.025529763 0.408990129 -4.941258809 -0.019743968 0.999636417 -0.018363270 -1.125207789 -0.409310237 0.008675550 0.912354024 83.698077486
0.883638880 0.025485151 0.467474958 -4.728593786 -0.017851840 0.999625264 -0.020751959 -1.138692794 -0.467828645 0.009991950 0.883762706 84.032182427
0.850564103 0.023911425 0.525327470 -4.494021929 -0.013845450 0.999637666 -0.023083350 -1.154683240 -0.525689082 0.012360474 0.850586978 84.344321788
0.813641277 0.023722495 0.580883048 -4.245431673 -0.011443543 0.999627069 -0.024794509 -1.168432890 -0.581254606 0.013526476 0.813609315 84.639461769
0.774078525 0.022280724 0.632697405 -3.970050790 -0.009177445 0.999670418 -0.023975629 -1.185033883 -0.633023074 0.012752474 0.774027882 84.912599584
0.731197062 0.022367117 0.681799507 -3.684549003 -0.009908701 0.999705117 -0.022169725 -1.197734165 -0.682094329 0.009454690 0.731203074 85.173327644
0.685839692 0.021687046 0.727429439 -3.382442070 -0.008398583 0.999725181 -0.021886664 -1.211533062 -0.727704185 0.008901366 0.685833351 85.409852219
0.639163260 0.020635769 0.768794180 -3.062508947 -0.004139032 0.999717777 -0.023393033 -1.224176824 -0.769059943 0.011769903 0.639068286 85.625340041
0.592362264 0.018050952 0.805469497 -2.734503374 0.002313720 0.999706744 -0.024105467 -1.240661750 -0.805668415 0.016142800 0.592146786 85.810389073
0.545648922 0.020284413 0.837768343 -2.402971202 0.001464250 0.999682404 -0.025158431 -1.254847959 -0.838012596 0.014954373 0.545445924 85.983051491
0.498244173 0.023299330 0.866723650 -2.074438349 -0.001548505 0.999661191 -0.025982794 -1.270831158 -0.867035378 0.011603650 0.498111443 86.137793057
0.452826371 0.025525094 0.891233273 -1.737804256 -0.001555313 0.999611215 -0.027838821 -1.286635270 -0.891597364 0.011220006 0.452690018 86.271802944
0.410171303 0.023120906 0.911715375 -1.402718675 0.006279729 0.999583297 -0.028174403 -1.299394254 -0.911986879 0.017281657 0.409855191 86.386242482
0.370812035 0.015601939 0.928576876 -1.047248735 0.022002598 0.999430643 -0.025578802 -1.309095119 -0.928447263 0.029916031 0.370257627 86.471369574
0.335537712 0.012118377 0.941948825 -0.686311738 0.026644791 0.999395111 -0.022348750 -1.319287979 -0.941649881 0.032596878 0.335011857 86.559773597
0.302124939 0.016352719 0.953128066 -0.329574987 0.024410892 0.999392255 -0.024884296 -1.333533836 -0.952955733 0.030784873 0.301542140 86.654607529
0.270959380 0.023967976 0.962292341 0.028238397 0.013795843 0.999490590 -0.028779071 -1.357023859 -0.962491916 0.021073594 0.270490692 86.748161697
0.242629839 0.028279266 0.969706679 0.403471372 0.009488300 0.999458054 -0.031520959 -1.381540362 -0.970072540 0.016848793 0.242230025 86.828263029
0.217232501 0.029950335 0.975660298 0.793395605 0.011043680 0.999389780 -0.033137666 -1.402898377 -0.976057415 0.017973458 0.216769179 86.888418270
0.193608083 0.031264514 0.980580665 1.197349197 0.018634423 0.999194608 -0.035537218 -1.421115986 -0.980901967 0.025152847 0.192869556 86.942775936
0.173842722 0.037702085 0.984051452 1.610864460 0.025639705 0.998754824 -0.042794932 -1.427780538 -0.984439594 0.032670376 0.172659587 86.982107195
0.155051642 0.044482638 0.986904394 2.031524421 0.027632493 0.998399622 -0.049342076 -1.436226641 -0.987519840 0.034921198 0.153574334 87.019899231
0.136953623 0.045415671 0.989535811 2.446936121 0.025340512 0.998460898 -0.049332471 -1.451551187 -0.990253283 0.031831604 0.135591981 87.074875804
0.121676826 0.040861270 0.991728343 2.903215402 0.023508026 0.998753371 -0.044034955 -1.483416122 -0.992291350 0.028671609 0.120564572 87.120293344
0.107068533 0.037872620 0.993530067 3.363128782 0.024258021 0.998877280 -0.040690637 -1.508150724 -0.993955672 0.028457760 0.106029611 87.165713802
0.093765590 0.035362331 0.994966090 3.838077364 0.026611627 0.998922919 -0.038010841 -1.532401840 -0.995238582 0.030041776 0.092723547 87.196587525
0.082565544 0.034641002 0.995983399 4.336056619 0.030752884 0.998831197 -0.037289419 -1.551482469 -0.996111034 0.033708184 0.081403730 87.222193406
0.072735018 0.035372153 0.996723847 4.851296627 0.034526941 0.998682550 -0.037961236 -1.570857924 -0.996753484 0.037174937 0.071417901 87.252177271
0.064963806 0.036013876 0.997237537 5.375857978 0.036573774 0.998591166 -0.038445313 -1.593164684 -0.997217159 0.038970294 0.063555120 87.277795479
0.059081183 0.036373079 0.997590303 5.927818284 0.038479207 0.998510281 -0.038685511 -1.616543595 -0.997511285 0.040672069 0.057593562 87.315640413
0.053744521 0.037534577 0.997849028 6.472285974 0.039784209 0.998419361 -0.039698822 -1.637670673 -0.997761867 0.041832228 0.052166287 87.334129033
0.052242235 0.036804541 0.997955998 6.892679049 0.038575712 0.998500404 -0.038844027 -1.701740464 -0.997889104 0.040526162 0.050744131 87.123877273
0.045607884 0.037397491 0.998259159 7.488585401 0.041290593 0.998374438 -0.039288270 -1.717694536 -0.998105710 0.043010567 0.043989581 87.257212224
0.042581156 0.037362287 0.998394163 8.099012399 0.042627808 0.998322583 -0.039177670 -1.745446512 -0.998183207 0.044227585 0.040917057 87.281707717
0.039961478 0.036679063 0.998527780 8.740133886 0.044387186 0.998274347 -0.038446146 -1.779839407 -0.998214836 0.045858203 0.038264438 87.296250673
0.037069995 0.036233857 0.998655558 9.332005618 0.046331868 0.998205447 -0.037937361 -1.809401142 -0.998238034 0.047675915 0.035324689 87.331683702
0.037958380 0.036636445 0.998607497 9.958323683 0.051938397 0.997904609 -0.038584904 -1.791753385 -0.997928637 0.053330693 0.035976004 87.293764890
0.039052524 0.034728344 0.998633488 10.578003446 0.055681215 0.997767401 -0.036875692 -1.880550570 -0.997684571 0.057045215 0.037031619 87.313956245
0.041355876 0.035405821 0.998516960 11.253196612 0.057930703 0.997605757 -0.037772844 -1.866299889 -0.997463646 0.059406919 0.039205776 87.344145308
0.048947387 0.035449321 0.998172079 11.751043324 0.059425240 0.997496233 -0.038339356 -1.844851779 -0.997031993 0.061193227 0.046718249 87.166713246
0.056536146 0.035479220 0.997769958 12.250231805 0.060915264 0.997383973 -0.038917106 -1.823386872 -0.996540513 0.062979644 0.054227020 86.993094050
0.060586286 0.033883756 0.997587687 12.992988781 0.062419579 0.997338985 -0.037666224 -1.856533682 -0.996209365 0.064551060 0.058310056 87.043499715
0.064506936 0.032338250 0.997393149 13.740068629 0.061756099 0.997429726 -0.036333545 -1.892906497 -0.996004538 0.063938876 0.062344051 87.095006970
0.069351499 0.030727661 0.997118940 14.549406203 0.058787832 0.997662587 -0.034833219 -1.916444835 -0.995858605 0.061034197 0.067382984 87.127570743
0.072934963 0.029164084 0.996910200 15.316572799 0.058621337 0.997718828 -0.033476537 -1.962604850 -0.995612389 0.060881819 0.071058948 87.204422744
0.077149524 0.030419067 0.996555383 16.115541424 0.055890631 0.997830773 -0.034784837 -1.994775450 -0.995451751 0.058381743 0.075282029 87.270300770
0.080443753 0.034533441 0.996160752 16.891253226 0.053511218 0.997808810 -0.038911807 -2.032602160 -0.995321733 0.056435987 0.078419559 87.322847100
0.080727024 0.040018188 0.995932574 17.690629542 0.046577791 0.997950659 -0.043874721 -2.076359139 -0.995647356 0.049930215 0.078697628 87.421841050
0.085008513 0.043776672 0.995418081 18.237845474 0.049984471 0.997589101 -0.048140813 -2.003871625 -0.995125673 0.053847825 0.082615412 87.311703900
0.084673592 0.043850947 0.995443357 19.047860414 0.047821785 0.997701023 -0.048018179 -2.041080838 -0.995260498 0.051669750 0.082381898 87.394732888
0.086326601 0.042447159 0.995362224 19.889610307 0.044187394 0.997945627 -0.046389649 -2.093326881 -0.995286487 0.047987123 0.084273625 87.424315810
0.084334314 0.041311388 0.995580782 20.654772345 0.045185643 0.997953821 -0.045237472 -2.137519116 -0.995412468 0.048801029 0.082295070 87.546086910
0.085103971 0.040383901 0.995553341 21.473306555 0.042246161 0.998133487 -0.044099937 -2.193310822 -0.995476055 0.045811387 0.083239058 87.611867450
0.084360181 0.041490498 0.995571142 22.264748750 0.041292157 0.998128904 -0.045096003 -2.225362857 -0.995579388 0.044913587 0.082489103 87.708612783
0.084560523 0.042792695 0.995499022 23.088502258 0.038420737 0.998194361 -0.046172124 -2.266483378 -0.995677340 0.042152145 0.082763710 87.789297642
0.082780517 0.044450706 0.995575974 23.896087353 0.035592769 0.998235521 -0.047528931 -2.313242769 -0.995931996 0.039369775 0.081052329 87.876606959
0.080209906 0.044032789 0.995804943 24.679535898 0.034176103 0.998314932 -0.046896587 -2.357007796 -0.996191932 0.037794303 0.078569878 87.934274381
0.076986315 0.042641634 0.996119871 25.462677822 0.032053962 0.998462700 -0.045219254 -2.409617242 -0.996516759 0.035410853 0.075501131 87.972883524
0.069976035 0.043708425 0.996590652 26.404621003 0.030644842 0.998473914 -0.045942761 -2.351781445 -0.997077855 0.033755255 0.068529808 88.130832806
0.064204890 0.041664860 0.997066583 27.206082010 0.028147568 0.998654923 -0.043543761 -2.400788835 -0.997539697 0.030860722 0.062945765 88.173622128
0.055410608 0.041967999 0.997581251 28.033677223 0.027826723 0.998663243 -0.043559153 -2.453427883 -0.998075818 0.030173056 0.054168706 88.250508054
0.048640578 0.043685038 0.997860567 28.879587420 0.029083693 0.998557525 -0.045133231 -2.487788576 -0.998392825 0.031216777 0.047299893 88.248286594
0.038600111 0.044287595 0.998272829 29.682241394 0.029520042 0.998530785 -0.045440487 -2.531730606 -0.998818601 0.031223064 0.037236027 88.278898506
0.028690161 0.043619103 0.998636194 30.483730408 0.031435287 0.998513931 -0.044516877 -2.574357775 -0.999093938 0.032669612 0.027276347 88.296709435
0.017936385 0.042552279 0.998933226 31.291617493 0.030860291 0.998594375 -0.043091958 -2.626199745 -0.999362761 0.031600284 0.016597997 88.310521303
0.006755880 0.041729274 0.999106113 32.083547780 0.032617106 0.998588079 -0.041928192 -2.671286595 -0.999445087 0.032871212 0.005385253 88.313419215
-0.003454044 0.042366839 0.999096152 32.863383677 0.033227440 0.998555280 -0.042229030 -2.712402076 -0.999441848 0.033051547 -0.004856796 88.294343328
-0.013890941 0.042494280 0.999000139 33.587042846 0.033569183 0.998553152 -0.042008493 -2.762985321 -0.999339858 0.032952081 -0.015297341 88.263379514
-0.023890755 0.043413245 0.998771506 34.341932954 0.034264479 0.998505240 -0.042582060 -2.810403813 -0.999127208 0.033205068 -0.025342576 88.237687092
-0.033745071 0.043956612 0.998463363 35.059692250 0.035187630 0.998465210 -0.042767457 -2.857409648 -0.998810843 0.033690369 -0.035240008 88.200919771
-0.042600900 0.043912190 0.998126687 35.758184001 0.035642329 0.998464507 -0.042405807 -2.922049446 -0.998456202 0.033769034 -0.044100620 88.129475786
-0.052283502 0.044460331 0.997642077 36.509121551 0.036125610 0.998438761 -0.042602598 -2.967822838 -0.997978645 0.033813015 -0.053808032 88.088835720
-0.061312963 0.044559763 0.997123437 37.262129002 0.037661233 0.998394849 -0.042300797 -3.013683965 -0.997407816 0.034959311 -0.062892722 88.032272218
-0.068795380 0.044096632 0.996655749 37.987459526 0.039768447 0.998349795 -0.041426519 -3.058752461 -0.996837833 0.036785498 -0.070435508 87.946912907
-0.076401032 0.043125306 0.996144111 38.713376248 0.041778497 0.998325258 -0.040015457 -3.100067792 -0.996201505 0.038560182 -0.078074790 87.890309711
-0.081098194 0.041410275 0.995845506 39.431521457 0.045096023 0.998265796 -0.037838455 -3.141726409 -0.995685408 0.041840041 -0.082824992 87.817882070
-0.084086248 0.039392820 0.995679521 40.139871997 0.047739434 0.998230127 -0.035462083 -3.184656134 -0.995314247 0.044551303 -0.085818017 87.742103131
-0.086174360 0.038428785 0.995538652 40.853179596 0.049450461 0.998189133 -0.034250638 -3.220195738 -0.995052075 0.046278319 -0.087918631 87.667521249
-0.087353185 0.037264344 0.995480180 41.545573981 0.049687913 0.998219247 -0.033006773 -3.261330843 -0.994937451 0.046580086 -0.089049218 87.599751339
-0.088547315 0.037880510 0.995351415 42.211855034 0.050854221 0.998145325 -0.033462804 -3.288442913 -0.994772950 0.047654779 -0.090309472 87.544472077
-0.088507937 0.039026554 0.995310641 42.947091565 0.052040826 0.998048634 -0.034506185 -3.320064542 -0.994715084 0.048742717 -0.090366200 87.511009495
-0.085138264 0.038624809 0.995620209 43.514419397 0.048341812 0.998231658 -0.034592276 -3.407874250 -0.995195732 0.045184959 -0.086854904 87.431196305
-0.079770474 0.039155483 0.996043935 44.127189696 0.048500370 0.998197213 -0.035355866 -3.440871136 -0.995632656 0.045488146 -0.081525720 87.386014285
-0.071775275 0.040025984 0.996617394 44.734401686 0.048091001 0.998171263 -0.036624930 -3.474362654 -0.996260792 0.045299563 -0.073568906 87.352498420
-0.061539578 0.038437086 0.997364262 45.303594677 0.044560038 0.998367685 -0.035726304 -3.547572844 -0.997109464 0.042244007 -0.063151884 87.338198741
-0.048557296 0.038882694 0.998063287 45.907348588 0.043390612 0.998380784 -0.036784044 -3.579640463 -0.997877469 0.041520443 -0.050165815 87.358478795
-0.030863955 0.040449140 0.998704803 46.448998381 0.042333706 0.998337125 -0.039125968 -3.609530935 -0.998626694 0.041071293 -0.032524994 87.351241973
-0.009585247 0.042843324 0.999035821 46.960714160 0.040382254 0.998283282 -0.042423604 -3.645617801 -0.999138327 0.039936677 -0.011298902 87.360265458
0.014723695 0.045928441 0.998836218 47.476780725 0.037841413 0.998203266 -0.046457152 -3.680741524 -0.999175280 0.038481394 0.012959243 87.393177078
0.043466229 0.047127081 0.997942746 47.970458202 0.034460806 0.998221661 -0.048641222 -3.721825152 -0.998460385 0.036504162 0.041764895 87.422117916
0.077038247 0.046377398 0.995948917 48.456904938 0.031305202 0.998312525 -0.048908969 -3.761020384 -0.996536549 0.034946243 0.075456393 87.469464364
0.115574601 0.043651391 0.992339190 48.940964632 0.029464848 0.998443614 -0.047351592 -3.796828108 -0.992861689 0.034711765 0.114108540 87.535443837
0.158104177 0.040033470 0.986610557 49.434149481 0.026519601 0.998645191 -0.044771558 -3.828571354 -0.987066249 0.033243088 0.156828305 87.631999765
0.203708264 0.035646971 0.978382459 49.910399746 0.023124556 0.998882927 -0.041208643 -3.862278818 -0.978758498 0.031019201 0.202656387 87.748249554
0.252749831 0.032192325 0.966995955 50.382769731 0.017611616 0.999127645 -0.037865282 -3.898220108 -0.967371363 0.026600805 0.251962384 87.890591642
0.304655156 0.030464674 0.951975388 50.839239717 0.012692399 0.999269743 -0.036040040 -3.932866889 -0.952378149 0.023062636 0.304046009 88.055320624
0.359945773 0.029530157 0.932505769 51.278906325 0.010483717 0.999307836 -0.035692312 -3.971858302 -0.932914322 0.022623424 0.359387046 88.241802220
0.418304987 0.029865188 0.907815515 51.707915348 0.011346086 0.999209519 -0.038099927 -4.001575961 -0.908235765 0.026237543 0.417635471 88.458640063
0.478322706 0.032500717 0.877582528 52.113385419 0.010825844 0.999020772 -0.042898687 -4.038180900 -0.878117413 0.030019988 0.477502471 88.699629706
0.537562311 0.035154175 0.842490918 52.495922217 0.010765455 0.998763032 -0.048543898 -4.071710067 -0.843155304 0.035165168 0.536518913 88.970285289
0.594618652 0.039088527 0.803057125 52.853226081 0.005425273 0.998599681 -0.052623602 -4.103409619 -0.803989568 0.035647780 0.593573930 89.280039832
0.649189991 0.041872510 0.759472875 53.182212288 0.000342388 0.998467408 -0.055341821 -4.118328734 -0.760626214 0.036187390 0.648180711 89.616846901
0.700809846 0.042556992 0.712077567 53.488848385 -0.002530317 0.998360890 -0.057176307 -4.145483748 -0.713343645 0.038267937 0.699768825 89.966081392
0.748280415 0.040416522 0.662150228 53.771522731 -0.004174743 0.998409484 -0.056223435 -4.175328932 -0.663369423 0.039306589 0.747258992 90.339929052
0.791830521 0.036998458 0.609619176 54.021691238 -0.007618443 0.998684073 -0.050715686 -4.204890617 -0.610693364 0.035513879 0.791070401 90.726598851
0.831352594 0.031798548 0.554834856 54.249031959 -0.009300307 0.999017956 -0.043320072 -4.232661157 -0.555667499 0.030854120 0.830831905 91.139521021
0.865794251 0.029827752 0.499510381 54.440784015 -0.013050004 0.999228255 -0.037048506 -4.251089370 -0.500229960 0.025557771 0.865515331 91.568868362
0.895069827 0.027215016 0.445094764 54.617128554 -0.015486376 0.999430915 -0.029966969 -4.267135938 -0.445657018 0.019929625 0.894981917 92.013977268
0.918743664 0.028051029 0.393856852 54.755688191 -0.020172833 0.999505295 -0.024129298 -4.290361265 -0.394338861 0.014223432 0.918855025 92.453158600
0.937096318 0.030146312 0.347766720 54.870504119 -0.024562124 0.999489001 -0.020455759 -4.304919010 -0.348205677 0.010627127 0.937357920 92.906135191
0.950851251 0.036418713 0.307498903 54.968778956 -0.032590388 0.999314210 -0.017577707 -4.317925896 -0.307928181 0.006692276 0.951386067 93.374455814
0.961378721 0.040835218 0.272182734 55.054548257 -0.037267272 0.999138355 -0.018267398 -4.327688613 -0.272694162 0.007418380 0.962072171 93.833175309
0.969605181 0.042980741 0.240870193 55.148706058 -0.039866484 0.999046640 -0.017789730 -4.337440811 -0.241405172 0.007646366 0.970394289 94.312214462
0.975096201 0.037729572 0.218549489 55.250168929 -0.034751473 0.999243525 -0.017456004 -4.350791504 -0.219042769 0.009426367 0.975669723 94.789174296
0.978555999 0.035184818 0.202953656 55.340688822 -0.032437392 0.999331746 -0.016848681 -4.364608836 -0.203410849 0.009904091 0.979043378 95.271504800
0.980954781 0.039554476 0.190166140 55.422760289 -0.036977961 0.999170116 -0.017079498 -4.377004983 -0.190683895 0.009722259 0.981603347 95.767898104
0.982567022 0.045628356 0.180222366 55.508568994 -0.043345425 0.998922437 -0.016587303 -4.383596744 -0.180785017 0.008486322 0.983486024 96.251636033
0.983451062 0.052153550 0.173505090 55.599651877 -0.049792808 0.998598539 -0.017934165 -4.392830907 -0.174197260 0.008998068 0.984669665 96.727192890
0.983692131 0.057982103 0.170258234 55.678357213 -0.055057665 0.998244028 -0.021852079 -4.396059258 -0.171226295 0.012121697 0.985157155 97.214622229
0.983801542 0.058895572 0.169309884 55.766300889 -0.055527740 0.998154981 -0.024562255 -4.412036521 -0.170444112 0.014762989 0.985256748 97.735883950
0.983527200 0.057137893 0.171492007 55.865772596 -0.053073360 0.998192447 -0.028196769 -4.430246725 -0.172793130 0.018630632 0.984781922 98.273618531
0.982839507 0.056029294 0.175747608 55.954903928 -0.050693444 0.998110964 -0.034708483 -4.449395694 -0.177360306 0.025203617 0.983823205 98.838447223
0.982040800 0.056100317 0.180135008 56.052774768 -0.049742146 0.997975721 -0.039625491 -4.469150863 -0.181993367 0.029953547 0.982843426 99.407111337
0.980940145 0.061348517 0.184371343 56.149419145 -0.054988160 0.997708573 -0.039419613 -4.491145382 -0.186367204 0.028530040 0.982065834 99.978993758
0.979614341 0.064613086 0.190212753 56.257788333 -0.058900197 0.997630961 -0.035541977 -4.518897203 -0.192058608 0.023613862 0.981099320 100.598832822
0.978836592 0.061926169 0.195048905 56.375224861 -0.056964930 0.997896370 -0.030948862 -4.544834426 -0.196555139 0.019182932 0.980305102 101.189632604
0.978277451 0.057821459 0.199072618 56.509945989 -0.053753976 0.998221341 -0.025781103 -4.562339986 -0.200209237 0.014520127 0.979645562 101.817423559
0.977577932 0.055572874 0.203108451 56.636312345 -0.052326865 0.998402378 -0.021321129 -4.585840039 -0.203968837 0.010215037 0.978924086 102.443204304
0.977188466 0.051066856 0.206142860 56.774613350 -0.047797040 0.998640182 -0.020814199 -4.605014145 -0.206925459 0.010486376 0.978300511 103.084439295
0.977276601 0.047650216 0.206542738 56.911797262 -0.043579834 0.998756446 -0.024214884 -4.625541246 -0.207439735 0.014663541 0.978137893 103.730593655
0.977412358 0.046884992 0.206074936 57.038954325 -0.041281907 0.998653761 -0.031408124 -4.644986042 -0.207270079 0.022191523 0.978032029 104.386288347
0.977471486 0.049175001 0.205259136 57.169438079 -0.042179179 0.998374813 -0.038322962 -4.665681897 -0.206810084 0.028801940 0.977957073 105.056332723
0.977899603 0.051786529 0.202559921 57.297486396 -0.044101861 0.998132307 -0.042272010 -4.687354640 -0.204370722 0.032404512 0.978357070 105.736628605
0.978439616 0.050205835 0.200337945 57.437887899 -0.043366151 0.998321493 -0.038387155 -4.710242842 -0.201928935 0.028871628 0.978974532 106.439865944
0.978849431 0.046234889 0.199289053 57.577438678 -0.040862520 0.998684098 -0.030989128 -4.738390615 -0.200459587 0.022190237 0.979450636 107.150118037
0.979306119 0.046561050 0.196955818 57.716953652 -0.042390818 0.998779735 -0.025338912 -4.768503309 -0.197895286 0.016465433 0.980084866 107.870182837
0.979541062 0.049515559 0.195057730 57.847533114 -0.045265993 0.998631689 -0.026186645 -4.797320131 -0.196087477 0.016821412 0.980442115 108.596362755
0.979681651 0.054946539 0.192885303 57.978270274 -0.049964446 0.998282026 -0.030603114 -4.823621727 -0.194235466 0.020343902 0.980743957 109.348407285
0.980527696 0.055402196 0.188403911 58.116330342 -0.049520358 0.998131730 -0.035788044 -4.850714935 -0.190034657 0.025761339 0.981439342 110.023938802
0.981314157 0.054076531 0.184657124 58.244927096 -0.047694264 0.998106771 -0.038834650 -4.877492491 -0.186407569 0.029301906 0.982035446 110.774610951
0.982223436 0.051502506 0.180512089 58.399185072 -0.045446798 0.998261648 -0.037526944 -4.909937508 -0.182131027 0.028656147 0.982856609 111.572939740
0.982917124 0.048622506 0.177509941 58.529428862 -0.043083806 0.998460768 -0.034926797 -4.962424794 -0.178934941 0.026682343 0.983499029 112.328166305
0.983459167 0.046255950 0.175124109 58.638757721 -0.041439187 0.998657998 -0.031064406 -5.028554622 -0.176326005 0.023293574 0.984056172 112.918731186
0.983852111 0.042928753 0.173758870 58.779470773 -0.038493522 0.998843253 -0.028816729 -5.057983868 -0.174794941 0.021662809 0.984366523 113.717659733
0.984305988 0.037463484 0.172447702 58.942462843 -0.033215214 0.999071024 -0.027456136 -5.089134505 -0.173316105 0.021297352 0.984635948 114.510443156
0.984098484 0.038498138 0.173401461 59.046745998 -0.034389464 0.999053441 -0.026638056 -5.106876427 -0.174262842 0.020251288 0.984490908 115.382607065
0.983669667 0.042857941 0.174806131 59.130704859 -0.038404347 0.998847672 -0.028782531 -5.128078888 -0.175838257 0.021599187 0.984182088 116.222472961
0.983607151 0.048597123 0.173652794 59.339654432 -0.043833182 0.998552603 -0.031166515 -5.192717077 -0.174916053 0.023043853 0.984313647 117.092013869
0.983512399 0.054333060 0.172485595 59.547357918 -0.049262850 0.998222406 -0.033543987 -5.259775338 -0.174001533 0.024493796 0.984440715 117.961670044
0.982660168 0.060240060 0.175357146 59.682826845 -0.055204943 0.997914385 -0.033455861 -5.282030747 -0.177006802 0.023195160 0.983936267 118.789040002
0.981862403 0.063134386 0.178774357 59.803643667 -0.058497992 0.997803178 -0.031093454 -5.327588520 -0.180344687 0.020071553 0.983398661 119.592149874
0.981254909 0.063959084 0.181791194 59.938660611 -0.059115814 0.997739947 -0.031942417 -5.369546649 -0.183423344 0.020596919 0.982818215 120.470237156
0.981075953 0.060962546 0.183775796 60.098316987 -0.055427277 0.997845146 -0.035112414 -5.391909993 -0.185520328 0.024261753 0.982340865 121.362784374
0.980904607 0.049115298 0.188185649 59.947999288 -0.043882167 0.998528025 -0.031876939 -5.495719224 -0.189474290 0.023010242 0.981616026 121.914104627
0.981077786 0.042300106 0.188936708 60.105953874 -0.036585229 0.998764341 -0.033634977 -5.532756426 -0.190126009 0.026086236 0.981413067 122.753978922
0.981004713 0.041259396 0.189545285 60.277465877 -0.035480922 0.998799276 -0.033780333 -5.570790714 -0.190711450 0.026413424 0.981290718 123.599324584
0.980454560 0.043742968 0.191821293 60.413199123 -0.038607296 0.998790974 -0.030431357 -5.619146482 -0.192920534 0.022430861 0.980957962 124.404354102
0.980079354 0.045750061 0.193265082 60.543622211 -0.041843595 0.998829865 -0.024248993 -5.662950064 -0.194148329 0.015679031 0.980846876 125.194300971
0.979585770 0.050546050 0.194568283 60.735753148 -0.047411982 0.998660200 -0.020734241 -5.676121084 -0.195355635 0.011086099 0.980669809 126.194610905
0.979353322 0.049580929 0.195981635 60.883652676 -0.045108060 0.998611103 -0.027223659 -5.712984455 -0.197059211 0.017821229 0.980229601 127.015077463
0.979730884 0.044553066 0.195300842 61.053280562 -0.037153312 0.998451978 -0.041391784 -5.755170621 -0.196842643 0.033296736 0.979869533 127.838499909
0.979960339 0.042287556 0.194652244 61.213433590 -0.033083814 0.998186293 -0.050294994 -5.796522695 -0.196426054 0.042847261 0.979582012 128.650845329
0.980233461 0.039503795 0.193860290 61.376928173 -0.032100695 0.998635826 -0.041182902 -5.833178935 -0.195222712 0.034145808 0.980164352 129.475208832
0.980819831 0.033292727 0.192052214 61.567917393 -0.030066856 0.999353982 -0.019687619 -5.885927393 -0.192583599 0.013535601 0.981187212 130.309673156
0.981025884 0.030218042 0.191507401 61.724903311 -0.029879082 0.999542666 -0.004658148 -5.921842706 -0.191560579 -0.001152301 0.981480115 131.145469764
0.981070946 0.034543494 0.190542768 61.869279512 -0.033087802 0.999393913 -0.010816870 -5.939988135 -0.190800935 0.004307475 0.981619299 131.960590157
0.981129665 0.042551755 0.188610521 62.008416731 -0.038128823 0.998907504 -0.027018363 -5.960445195 -0.189554144 0.019317020 0.981680233 132.791680787
0.981600777 0.042982886 0.186044045 62.198202493 -0.037184719 0.998711131 -0.034545248 -5.994811652 -0.187289113 0.026991646 0.981933928 133.545431544
0.981947662 0.037647999 0.185368327 62.223891190 -0.031583204 0.998868231 -0.035563452 -5.991154239 -0.186497425 0.029066923 0.982025369 134.072156043
0.982486212 0.037271661 0.182569622 62.365757931 -0.031585196 0.998924066 -0.033957130 -6.034155005 -0.183638828 0.027595915 0.982606354 134.883922539
0.983223180 0.037065180 0.178601096 62.515685525 -0.031227370 0.998885636 -0.035388371 -6.067814103 -0.179713745 0.029217424 0.983284960 135.694198438
0.984083040 0.038484345 0.173492150 62.657509026 -0.032522327 0.998782999 -0.037078564 -6.100745820 -0.174707954 0.030846018 0.984137010 136.497279671
0.984225176 0.043186633 0.171568404 62.751967973 -0.037355591 0.998614135 -0.037072494 -6.149185525 -0.172931670 0.030078643 0.984474435 137.345171213
0.984561220 0.050218549 0.167682145 62.920300874 -0.044615115 0.998318052 -0.037021069 -6.187301165 -0.169259256 0.028968350 0.985145745 138.052089950
0.984624244 0.051451667 0.166936585 63.022779519 -0.046154217 0.998304686 -0.035461850 -6.220229119 -0.168478146 0.027211770 0.985329708 138.834216086
0.985121718 0.049743381 0.164501663 63.177752376 -0.045317738 0.998505379 -0.030550120 -6.259297059 -0.165775462 0.022640744 0.985903592 139.651448237
0.985566942 0.048330210 0.162240543 63.322108139 -0.043959798 0.998569979 -0.030422563 -6.294757019 -0.163478864 0.022851411 0.986282147 140.419296011
0.986087493 0.046650859 0.159546715 63.443963247 -0.041829687 0.998564797 -0.033445840 -6.326584481 -0.160878011 0.026306735 0.986623647 141.156491284
0.987122486 0.041696261 0.154436457 63.568676411 -0.036340839 0.998641586 -0.037340676 -6.361189019 -0.155783635 0.031247471 0.987296842 141.949239980
0.988261374 0.038405157 0.147866498 63.687242677 -0.033080138 0.998718372 -0.038305588 -6.397976876 -0.149148120 0.032964488 0.988265238 142.744106640
0.989273759 0.037052368 0.141295974 63.803912036 -0.032725033 0.998925106 -0.032828421 -6.434008849 -0.142360467 0.027852380 0.989422934 143.567971282
0.990218725 0.034479277 0.135196360 63.905071687 -0.031456496 0.999206470 -0.024431911 -6.469608003 -0.135931473 0.019940132 0.990517555 144.354108510
0.990878037 0.031892324 0.130933554 64.022978721 -0.030257473 0.999437580 -0.014457116 -6.512871773 -0.131320985 0.010363520 0.991285729 145.148091133
0.991165776 0.038598292 0.126888043 64.106810161 -0.037462516 0.999233845 -0.011326173 -6.548588631 -0.127227998 0.006472570 0.991852379 145.939244070
0.991794682 0.041595705 0.120884682 64.212776387 -0.039847759 0.999063809 -0.016842235 -6.554589128 -0.121472076 0.011887056 0.992523669 146.707662750
0.992707588 0.041477526 0.113186834 64.297562123 -0.038676707 0.998891497 -0.026830749 -6.580375857 -0.114174239 0.022257394 0.993211383 147.470264247
0.993591741 0.037843581 0.106505001 64.378526915 -0.034575681 0.998877894 -0.032364729 -6.604320132 -0.107610288 0.028474845 0.993785293 148.269613998
0.994275261 0.037248347 0.100146220 64.445944137 -0.034252399 0.998917584 -0.031471146 -6.633323834 -0.101210069 0.027860733 0.994474887 149.074892107
0.994750205 0.043835563 0.092468770 64.504447063 -0.041374594 0.998740959 -0.028366187 -6.663720588 -0.093595796 0.024391412 0.995311452 149.894858471
0.995225880 0.048966569 0.084425840 64.552433989 -0.046613727 0.998473760 -0.029619449 -6.699841314 -0.085747349 0.025542639 0.995989441 150.708445292
0.995909520 0.051539288 0.074215427 64.597425499 -0.049001730 0.998163437 -0.035617173 -6.730343951 -0.075914810 0.031834797 0.996605984 151.513467514
0.996628894 0.049713297 0.065264351 64.653927000 -0.047303973 0.998159086 -0.037957523 -6.762833080 -0.067031198 0.034742301 0.997145822 152.339972458
0.997133226 0.049684519 0.057068197 64.682719497 -0.047727904 0.998241637 -0.035152270 -6.796247673 -0.058714374 0.032327751 0.997751241 153.154916575
0.997370445 0.052674830 0.049775063 64.702333598 -0.051328585 0.998290646 -0.027949276 -6.834804534 -0.051162203 0.025320899 0.998369311 153.977764367
0.997539112 0.056290921 0.041797750 64.713599925 -0.055389931 0.998213260 -0.022410800 -6.862775961 -0.042984593 0.020040475 0.998874719 154.806255405
