1.000000000 0.000000000 0.000000000 0.000000000 0.000000000 1.000000000 0.000000000 0.000000000 0.000000000 0.000000000 1.000000000 0.000000000
0.999990649 -0.002656172 -0.003412815 -0.001842545 0.002648593 0.999994021 -0.002223326 -0.004032166 0.003418700 0.002214266 0.999991705 0.676885815
0.999970788 -0.001238378 -0.007542487 -0.013323201 0.001209721 0.999992037 -0.003802869 -0.006367135 0.007547136 0.003793634 0.999964324 1.374386481
0.999932759 -0.001325520 -0.011520477 -0.029630827 0.001265146 0.999985438 -0.005246215 -0.009486328 0.011527264 0.005231287 0.999919875 2.090016681
0.999868880 0.000117013 -0.016192898 -0.054409731 -0.000213963 0.999982063 -0.005985613 -0.015499770 0.016191907 0.005988293 0.999850970 2.827862462
0.999781899 -0.001000658 -0.020860329 -0.069872643 0.000869543 0.999979818 -0.006293492 -0.024060381 0.020866205 0.006273980 0.999762591 3.574966139
0.999674526 0.000936347 -0.025494417 -0.095825681 -0.001127055 0.999971486 -0.007467070 -0.034805583 0.025486698 0.007493373 0.999647077 4.329477938
0.999518628 0.003605591 -0.030814153 -0.122754142 -0.003864419 0.999957719 -0.008344231 -0.041449620 0.030782765 0.008459293 0.999490301 5.108844886
0.999366617 0.004037871 -0.035356206 -0.153013941 -0.004279874 0.999967913 -0.006771689 -0.050414708 0.035327729 0.006918720 0.999351831 5.902854636
0.998956935 -0.002758734 -0.045578852 0.002232685 0.002343328 0.999955255 -0.009164929 -0.045419275 0.045602096 0.009048563 0.998918702 6.548868937
0.998764111 -0.003148452 -0.049601784 -0.034667341 0.002824113 0.999974182 -0.006607572 -0.058298274 0.049621307 0.006459325 0.998747217 7.366926656
0.998630594 -0.001550976 -0.052292747 -0.080631793 0.001171841 0.999972813 -0.007280136 -0.071874423 0.052302617 0.007208888 0.998605261 8.182438314
0.998316971 -0.002180648 -0.057952307 -0.074147420 0.001732082 0.999968162 -0.007789370 -0.079014658 0.057967448 0.007675882 0.998288964 9.020033778
0.998170427 -0.005192246 -0.060239853 -0.116509659 0.004690616 0.999953164 -0.008465634 -0.089302476 0.060280988 0.008167583 0.998148032 9.857020556
0.998040284 -0.005415998 -0.062339857 -0.169038903 0.004958213 0.999959614 -0.007495723 -0.104246948 0.062377936 0.007171939 0.998026831 10.703192074
0.995740957 -0.030795386 -0.086899884 1.710816127 0.023595712 0.996295618 -0.082693917 2.764076393 0.089124565 0.080291255 0.992778992 14.635178677
0.995633985 -0.028629065 -0.088844502 1.630154321 0.021044147 0.996144622 -0.085164762 2.685107699 0.090940160 0.082923275 0.992397913 15.493076879
0.995501594 -0.028268917 -0.090429229 1.552682928 0.020275862 0.995903643 -0.088118232 2.608044733 0.092549805 0.085888310 0.991996841 16.362525207
0.995464881 -0.024163942 -0.092009647 1.460141036 0.015844320 0.995806603 -0.090100865 2.528025836 0.093801006 0.088234417 0.991673363 17.235472576
0.995356335 -0.023339329 -0.093386515 1.374143767 0.014938080 0.995859490 -0.089670120 2.440117307 0.095092687 0.087858707 0.991583697 18.122549635
0.995119133 -0.024309533 -0.095639733 1.317347396 0.015829910 0.995955536 -0.088441980 2.358752725 0.097402905 0.086496338 0.991479227 18.981725348
0.994963880 -0.023678305 -0.097397200 1.231384677 0.015223791 0.996122575 -0.086649019 2.266299141 0.099071251 0.084729890 0.991466456 19.881109418
0.589149129 -0.759705958 0.275227472 11.509579855 0.514044083 0.615191111 0.597744576 7.872242916 -0.623427610 -0.210681643 0.752961659 23.895797652
0.589843424 -0.759249932 0.274998684 11.762027126 0.515117173 0.616034164 0.595949835 8.409944897 -0.621883457 -0.209860546 0.754466379 24.583281211
0.588751904 -0.760256761 0.274555738 12.023350302 0.517351889 0.615399398 0.594668482 8.950128521 -0.621062170 -0.208070271 0.755637839 25.260827824
0.589056940 -0.760695874 0.272678766 12.282558696 0.517847455 0.614388145 0.595282472 9.497519463 -0.620359521 -0.209449266 0.755834022 25.963659413
0.590102019 -0.760807102 0.270096576 12.538996491 0.517066450 0.613096195 0.597289998 10.039371773 -0.620017656 -0.212804156 0.755177130 26.663270107
0.590431780 -0.761389170 0.267725317 12.797591160 0.516075564 0.611203849 0.600079884 10.591772832 -0.620529069 -0.216139740 0.753808522 27.377193496
0.588865592 -0.763044854 0.266458000 13.057894466 0.515984155 0.608674391 0.602723682 11.157563597 -0.622091365 -0.217435132 0.752146460 28.102041973
0.588809049 -0.762942691 0.266875163 13.315333242 0.514681695 0.608494587 0.604017459 11.713270798 -0.623222798 -0.218295185 0.750959757 28.813102175
0.589153517 -0.761645422 0.269804343 13.580395697 0.513436407 0.610707395 0.602842877 12.274541421 -0.623924025 -0.216639629 0.750856899 29.521051280
0.587679141 -0.761128496 0.274438774 13.826405559 0.512886322 0.612782333 0.601203321 12.877818437 -0.625764211 -0.212558758 0.750491790 30.275054156
0.587120464 -0.760410760 0.277605902 14.090020076 0.512264574 0.614544320 0.599933568 13.444500112 -0.626797071 -0.210025605 0.750343040 30.992945849
0.585107318 -0.762058686 0.277337314 14.361962184 0.513246201 0.612762163 0.600916690 14.021736058 -0.627875596 -0.209258430 0.749655351 31.725639471
0.583060370 -0.765096393 0.273254670 14.635177079 0.514895740 0.608166822 0.604165121 14.599316772 -0.628428979 -0.211567074 0.748542845 32.461998526
0.579582576 -0.769023686 0.269604541 14.916878376 0.518648136 0.603283297 0.605849301 15.190336471 -0.628560379 -0.211309806 0.748505188 33.199423831
0.574604635 -0.772775098 0.269533230 15.197936615 0.523330124 0.600127741 0.604956425 15.773666207 -0.629249628 -0.206555907 0.749252669 33.927159443
0.574778805 -0.772112320 0.271056987 15.480796200 0.526156639 0.602399201 0.600228618 16.355144964 -0.626728423 -0.202380255 0.752498316 34.626451024
0.575850233 -0.770481531 0.273413093 15.748296580 0.526372467 0.605297852 0.597115179 16.927642409 -0.625562575 -0.199931791 0.754121173 35.368341179
0.577497096 -0.769484144 0.272747606 16.028332843 0.526880460 0.606486629 0.595458605 17.526365325 -0.623613731 -0.200170231 0.755670427 36.135434921
0.577844805 -0.769783716 0.271161230 16.307653183 0.527419403 0.605758888 0.595722203 18.118045553 -0.622835576 -0.201219286 0.756033494 36.897580795
0.582628896 -0.767429831 0.267572465 16.652154861 0.527537629 0.607539085 0.593801575 18.864549712 -0.618261773 -0.204811413 0.758817939 37.700596373
0.583149713 -0.767620092 0.265886830 16.926211901 0.528209425 0.606953429 0.593803282 19.453028167 -0.617196253 -0.205832284 0.759408886 38.472847129
0.584264594 -0.767813787 0.262862840 17.214133536 0.528489636 0.605769961 0.594761683 20.058801219 -0.615900632 -0.208577906 0.759711569 39.248687532
0.583988054 -0.768914782 0.260246060 17.494868396 0.529030269 0.603661215 0.596422762 20.659579217 -0.615698731 -0.210625725 0.759310132 40.019309465
0.586692215 -0.767089332 0.259549998 17.692108258 0.522630038 0.603486112 0.602214543 21.049456664 -0.618587171 -0.217665959 0.754964530 40.753975597
0.586788269 -0.766943777 0.259762912 17.963741395 0.522954265 0.603859219 0.601558709 21.645043821 -0.618221937 -0.217143471 0.755414025 41.514939920
0.587265089 -0.766187057 0.260915903 18.233564472 0.523313543 0.605345631 0.599749617 22.248445543 -0.617464696 -0.215671186 0.756454419 42.262534802
0.588998293 -0.764213801 0.262789416 18.492511385 0.521818837 0.607953934 0.598412162 22.828305192 -0.617078692 -0.215335274 0.756864986 43.020498522
0.588929610 -0.764507431 0.262088347 18.761834881 0.522779862 0.607674700 0.597856735 23.413070158 -0.616330374 -0.215081024 0.757546713 43.776869664
0.594001418 -0.762064170 0.257721778 19.459290021 0.516454497 0.606870507 0.604138180 23.815945037 -0.616795807 -0.225757364 0.754053410 45.313302314
0.594273342 -0.762535840 0.255691784 19.736259749 0.517667812 0.605971085 0.604002550 24.420965484 -0.615515419 -0.226579207 0.754852722 46.067543966
0.597021237 -0.759417047 0.258556361 19.997995090 0.515340759 0.610057473 0.601875221 24.984778461 -0.614808543 -0.226087657 0.755575824 46.809195961
0.596150544 -0.759139722 0.261364518 20.250810298 0.516873668 0.611988789 0.598591124 25.620841150 -0.614366454 -0.221757987 0.757216782 47.623543673
0.597101806 -0.758230014 0.261833303 20.513965774 0.516799942 0.613256899 0.597355669 26.200125909 -0.613504077 -0.221366713 0.758030030 48.367185445
0.595391703 -0.759915503 0.260839314 20.620869411 0.516726914 0.610784397 0.599946428 26.625999252 -0.615225175 -0.222420432 0.756324756 48.967451758
0.593820926 -0.762068588 0.258124341 20.888237874 0.518360138 0.607708778 0.601658382 27.202611270 -0.615369382 -0.223475969 0.755896167 49.704515041
0.592444507 -0.763327531 0.257566663 21.145948041 0.519480507 0.606341243 0.602071673 27.770779137 -0.615751175 -0.222893195 0.755757312 50.441950047
0.590247010 -0.764737075 0.258429242 21.407135342 0.521499414 0.605622592 0.601048781 28.345572837 -0.616154874 -0.219996547 0.756276861 51.172711638
0.579384336 -0.775289008 0.251477127 21.790920318 0.533329114 0.593938365 0.602326551 28.709627169 -0.616339068 -0.214858496 0.757602785 51.797773989
0.578422977 -0.776542929 0.249815810 22.039555489 0.535045308 0.592328976 0.602389327 29.275713167 -0.615754316 -0.214773051 0.758102341 52.520866642
0.576059781 -0.779539937 0.245911803 22.292453956 0.537730400 0.587984606 0.604251703 29.854368419 -0.615630689 -0.215850851 0.757896606 53.256902074
0.575233740 -0.781490720 0.241616221 22.536322920 0.538875085 0.584267467 0.606832077 30.421051270 -0.615402135 -0.218869324 0.757216238 53.978224158
0.772865016 -0.521862311 0.361025477 22.997316200 0.180659759 0.726336516 0.663172162 31.125383241 -0.608310544 -0.447319788 0.655639603 54.969454256
0.774165309 -0.519348401 0.361863666 23.342232602 0.180712058 0.729227256 0.659977849 31.734618901 -0.606639289 -0.445538827 0.658394962 55.596714067
0.775812648 -0.514910094 0.364667425 23.681085962 0.180236422 0.734723639 0.653984714 32.332437815 -0.604673108 -0.441643261 0.662813445 56.213432277
0.777262855 -0.511420387 0.366485528 24.018303624 0.179242516 0.738335434 0.650179135 32.925471228 -0.603104116 -0.439670303 0.665548984 56.831930625
0.780104013 -0.507982615 0.365227863 24.351306564 0.176372326 0.738635984 0.650622538 33.511899996 -0.600275380 -0.443137165 0.665806970 57.452282018
0.781704526 -0.506900173 0.363304622 24.675272152 0.175122649 0.737521297 0.652222657 34.076191900 -0.598556673 -0.446222536 0.665293437 58.053710785
0.783151579 -0.506244399 0.361095849 24.922403361 0.174564908 0.736332353 0.653713820 34.502094916 -0.596825516 -0.448922347 0.665032352 58.515426530
0.783814134 -0.504857203 0.361600067 25.262641325 0.175823041 0.738882636 0.650491129 35.262937601 -0.595585142 -0.446286517 0.667912182 59.136177126
0.784477686 -0.503468067 0.362097592 25.603570900 0.177075180 0.741420210 0.647256095 36.020766107 -0.594339248 -0.443639467 0.670779309 59.760226600
0.785477438 -0.502981524 0.360603356 25.914975794 0.177347427 0.741155533 0.647484646 36.548015392 -0.592935987 -0.444632503 0.671363428 60.330230171
0.787073799 -0.503302213 0.356653498 26.286565631 0.179763379 0.740224801 0.647882992 37.013710111 -0.590084708 -0.445818489 0.673086853 60.782920492
0.786648711 -0.503773609 0.356925700 26.527172728 0.179757320 0.739947023 0.648201904 37.579070813 -0.590653122 -0.445747185 0.672635366 61.436616709
0.788510571 -0.501617375 0.355852621 26.778891541 0.177905038 0.739898366 0.648768222 38.116056015 -0.588728185 -0.448252627 0.672657941 61.985293856
0.789600907 -0.502201057 0.352596803 27.065943166 0.178071721 0.737423133 0.651534792 38.620892493 -0.587214501 -0.451664943 0.671697781 62.528420630
0.876998458 0.221658286 0.426311282 26.504164212 -0.476134319 0.281664696 0.833043282 39.471062089 0.064574108 -0.933559105 0.352558621 73.257826183
0.876866828 0.226254412 0.424162123 26.811530404 -0.475901122 0.283756696 0.832466371 40.099280827 0.067990346 -0.931821377 0.356491563 73.538480845
0.877119404 0.229931666 0.421655049 27.102305931 -0.475303250 0.289612180 0.830789748 40.703513538 0.068908432 -0.929115824 0.363311731 73.808749472
0.877840485 0.232084574 0.418966386 27.399362150 -0.473944525 0.294748549 0.829758929 41.298759785 0.069084514 -0.926962806 0.368737422 74.077238809
0.877710919 0.233556135 0.418419735 27.679532807 -0.474033453 0.295430195 0.829465663 41.888250077 0.070112970 -0.926376021 0.370015729 74.337284941
0.877432807 0.234158784 0.418666135 27.950046189 -0.474181467 0.291380859 0.830812332 42.459058592 0.072550708 -0.927505719 0.366700881 74.597303039
0.898283704 0.176718588 0.402314464 28.418640528 -0.439166606 0.330214980 0.835518258 42.699821118 0.014801344 -0.927215513 0.374235638 75.076603314
0.899187464 0.175481596 0.400834273 28.670630424 -0.437383972 0.334218471 0.834861231 43.233292144 0.012536563 -0.926015239 0.377277897 75.331068243
0.900538329 0.170837744 0.399806432 28.931240768 -0.434739599 0.341818766 0.833163497 43.742902177 0.005674431 -0.924107351 0.382090832 75.578085964
0.900468664 0.169462537 0.400547917 29.161135977 -0.434917711 0.347331541 0.830787208 44.252573916 0.001664383 -0.922303230 0.386463428 75.818870558
0.898600902 0.171825099 0.403723363 29.386731333 -0.438759209 0.346435583 0.829139761 44.755368423 0.002602883 -0.922203081 0.386697172 76.056131964
0.896110507 0.174784346 0.407966166 29.609718769 -0.443798928 0.341819480 0.828373077 45.237438020 0.005335864 -0.923368765 0.383877133 76.286396623
0.894479151 0.171865392 0.412758205 29.838563534 -0.447105630 0.339907503 0.827381076 45.696782137 0.001898562 -0.924621640 0.380882159 76.510402161
0.896625698 0.152529701 0.415688642 30.207679574 -0.442510189 0.341997566 0.828988780 46.183737365 -0.015719092 -0.927239104 0.374139753 76.649832980
0.894308387 0.145898790 0.422996516 30.448203399 -0.446858295 0.339864462 0.827532363 46.588423162 -0.023025513 -0.929088634 0.369139723 76.884605828
0.888695080 0.150112351 0.433228966 30.654892991 -0.457883439 0.339501771 0.821633314 47.029861520 -0.023744693 -0.928549853 0.370447513 77.062491286
0.881221904 0.154973970 0.446577008 30.874177983 -0.472070138 0.337381401 0.814446791 47.437524238 -0.024448724 -0.928524022 0.370466464 77.256782627
0.865065655 0.156787100 0.476528298 30.676669890 -0.500620503 0.330885777 0.799933569 48.500621106 -0.032257172 -0.930554892 0.364728758 77.924739995
0.854577998 0.154967052 0.495662847 30.925297179 -0.517638527 0.330993299 0.788982758 48.871299790 -0.041794749 -0.930821491 0.363076507 78.106316485
0.842942086 0.131932841 0.521576806 31.094179792 -0.532471094 0.343268894 0.773718942 49.293022235 -0.076962156 -0.929924831 0.359606222 78.171266326
0.827264361 0.130027497 0.546558804 31.358266056 -0.554798750 0.342320427 0.758297483 49.625168849 -0.088498719 -0.930542624 0.355328582 78.342711057
0.808538616 0.130789202 0.573724230 31.648154791 -0.580377532 0.338119241 0.740835541 49.957675294 -0.097093912 -0.931970795 0.349289577 78.553044962
0.786344950 0.130310288 0.603888109 31.937839196 -0.607901083 0.337387093 0.718767154 50.263961861 -0.110081299 -0.932303158 0.344518402 78.714642445
0.759817550 0.131213460 0.636757661 32.223242434 -0.638127265 0.337897020 0.691823097 50.533698578 -0.124382014 -0.931991755 0.340470972 78.859944555
0.729816518 0.130724668 0.671028249 32.529401619 -0.669141957 0.337686747 0.661979382 50.799071633 -0.140060312 -0.932136644 0.333922726 79.009365603
0.694289183 0.120088858 0.709606367 32.788228105 -0.701981711 0.330409848 0.630912838 51.100927255 -0.158695330 -0.936166651 0.313700166 79.351466385
0.653893270 0.121927862 0.746697521 33.112404805 -0.735947206 0.331453175 0.590356250 51.320422807 -0.175514388 -0.935559934 0.306467470 79.481405164
0.609747353 0.128325850 0.782138506 33.529478846 -0.767695612 0.341025866 0.542535535 51.551475908 -0.197108127 -0.931253905 0.306454811 79.525144390
0.560014036 0.129260953 0.818337269 33.873141089 -0.799917985 0.341498083 0.493467605 51.717650505 -0.215674516 -0.930951484 0.294641881 79.639174673
0.503007358 0.126306631 0.855003060 34.210886673 -0.831902367 0.338999729 0.439337723 51.861537833 -0.234354539 -0.932269177 0.275594143 79.782254553
0.445493452 0.126088590 0.886361806 34.570426198 -0.858299737 0.341772040 0.382770733 51.974347832 -0.254670661 -0.931285960 0.260479010 79.879971469
0.390959173 0.123780569 0.912046762 34.726771353 -0.879167613 0.343515864 0.330244091 52.034717241 -0.272424730 -0.930953931 0.243124546 80.025486542
0.330211642 0.122118001 0.935974073 35.098818670 -0.898826274 0.343463996 0.272293614 52.108020122 -0.288221443 -0.931192610 0.223178678 80.109590489
0.260839711 0.121151816 0.957749906 35.413830179 -0.918833578 0.335505094 0.207800839 52.241865694 -0.296154523 -0.934215483 0.198831408 80.212591966
0.199240651 0.120031134 0.972571689 35.793178350 -0.930012471 0.335942801 0.149061191 52.260307928 -0.308836473 -0.934202848 0.178563914 80.274778850
0.138498478 0.120640809 0.982987267 36.175569779 -0.936531730 0.338732359 0.090380900 52.257470267 -0.322065971 -0.933116383 0.159897862 80.326940253
0.090298539 0.118713926 0.988814026 36.627968069 -0.936497509 0.347934526 0.043749059 52.136666767 -0.338848917 -0.929972349 0.142593275 80.357884899
0.033593683 0.119910748 0.992216144 36.999750643 -0.938194679 0.345962187 -0.010045362 52.100116498 -0.344473814 -0.930554446 0.124121769 80.398405425
-0.030853832 0.118245412 0.992504944 37.269491264 -0.940735327 0.332087913 -0.068808889 52.096305568 -0.337735231 -0.935807480 0.100991452 80.498271473
-0.082299557 0.120074094 0.989347762 37.636391205 -0.936243709 0.330927379 -0.118045698 52.023128615 -0.341576492 -0.935985727 0.085183438 80.523595991
-0.129441769 0.119506661 0.984359176 38.072732341 -0.925384298 0.342087409 -0.163217968 51.945093393 -0.356242514 -0.932037747 0.066309188 80.555640158
-0.169604852 0.119622165 0.978225297 38.429102347 -0.912473047 0.355945701 -0.201731494 51.820229164 -0.372326647 -0.926818858 0.048781883 80.556128164
-0.203815819 0.119160882 0.971730310 38.689200619 -0.905305936 0.354886526 -0.233402478 51.678439881 -0.372666439 -0.927284335 0.035545566 80.542039691
-0.237924918 0.121853476 0.963609601 39.050694395 -0.897633091 0.351372841 -0.266067587 51.560178637 -0.371007504 -0.928271974 0.025779358 80.549388420
-0.279101448 0.132597211 0.951062754 39.503960503 -0.890633464 0.334520530 -0.308006572 51.546567930 -0.358990829 -0.933013395 0.024730349 80.492674706
-0.307312115 0.134246591 0.942091883 39.869048921 -0.882926214 0.329061335 -0.334902880 51.403309489 -0.354965583 -0.934717332 0.017405300 80.506233038
-0.370909293 0.124070626 0.920343836 40.209008510 -0.860785227 0.326007630 -0.390855240 51.623330923 -0.348532767 -0.937190218 -0.014121098 80.776799294
-0.392050357 0.129364710 0.910802552 40.572550321 -0.848829756 0.330824727 -0.412362760 51.432851657 -0.354661195 -0.934783275 -0.019891337 80.762081768
-0.409541178 0.139182725 0.901611997 40.949846219 -0.837501341 0.334534737 -0.432062510 51.236274875 -0.361756170 -0.932048646 -0.020440032 80.743004601
-0.427282374 0.146249041 0.892211293 41.325744017 -0.828166729 0.332598320 -0.451129945 51.037541748 -0.362725299 -0.931659581 -0.020994809 80.716146272
-0.443499066 0.145271426 0.884423423 41.714243130 -0.821071057 0.329811662 -0.465904053 50.827986627 -0.359375705 -0.932802487 -0.026993001 80.700911701
-0.457597147 0.140063182 0.878058743 42.115054710 -0.814473972 0.330132641 -0.477121146 50.601134340 -0.356702958 -0.933485267 -0.036989939 80.691200099
-0.470469002 0.135944216 0.871881923 42.477169708 -0.808088491 0.330537836 -0.487583561 50.366677541 -0.354474129 -0.933950700 -0.045652849 80.693095151
-0.481734708 0.134810073 0.865885625 42.885423005 -0.800893545 0.333307547 -0.497469204 50.116370011 -0.355670073 -0.933130389 -0.052597296 80.670125471
-0.491499651 0.135968465 0.860198041 43.319591657 -0.793753534 0.336444652 -0.506715230 49.850443086 -0.358306322 -0.931835593 -0.057436979 80.642391585
-0.499720398 0.138220208 0.855087538 43.749786499 -0.787612826 0.338327332 -0.514976361 49.578713919 -0.360479626 -0.930822104 -0.060205060 80.609480855
-0.506224664 0.139937441 0.850972445 44.200590611 -0.782879668 0.339298138 -0.521513373 49.297567880 -0.361712613 -0.930211958 -0.062206909 80.574728285
-0.510835446 0.141012793 0.848034515 44.661076418 -0.779429285 0.340194674 -0.526077535 49.006213223 -0.362680488 -0.929721989 -0.063873997 80.542074820
-0.515499004 0.142408483 0.844973728 45.126192703 -0.776083846 0.340434940 -0.530846414 48.708104662 -0.363255613 -0.929421258 -0.064972949 80.508895509
-0.520429515 0.143295353 0.841795440 45.616577552 -0.772830438 0.340221702 -0.535707296 48.392524908 -0.363161443 -0.929363027 -0.066318405 80.469961994
-0.522152786 0.143148524 0.840752620 45.904419309 -0.771254608 0.341534277 -0.537141199 48.060840976 -0.364036808 -0.928904106 -0.067929116 80.434845228
-0.524508119 0.143841359 0.839166787 46.423477422 -0.769168103 0.342560202 -0.539474687 47.723237177 -0.365063916 -0.928419179 -0.069037422 80.394431264
-0.527010912 0.143918271 0.837584044 46.954872370 -0.767205837 0.343395874 -0.541732847 47.378646986 -0.365588159 -0.928098489 -0.070558435 80.352477255
-0.528880825 0.144329402 0.836333723 47.499208467 -0.765290698 0.344909861 -0.543477079 47.024289296 -0.366899470 -0.927473025 -0.071962262 80.310786961
-0.527846949 0.147807472 0.836379429 47.999496717 -0.763380697 0.349120937 -0.543474455 46.659959295 -0.372327155 -0.925347244 -0.071449050 80.233877185
-0.527691321 0.147995759 0.836444335 48.626335681 -0.762498366 0.351434929 -0.543221623 46.283273257 -0.374350252 -0.924440775 -0.072602637 80.225374097
-0.525234226 0.149018702 0.837808113 49.207600811 -0.763338471 0.352623117 -0.541268248 45.900910368 -0.376089600 -0.923823773 -0.071458022 80.174297559
-0.517203998 0.151732409 0.842304755 49.340864543 -0.766314412 0.356166886 -0.534703068 45.568945525 -0.381132846 -0.922020838 -0.067936205 80.017463150
-0.513324795 0.151669925 0.844685675 49.961350146 -0.768488460 0.356874989 -0.531098606 45.176409222 -0.381998876 -0.921757276 -0.066636193 79.971616845
-0.509675939 0.151063748 0.847000697 50.594300749 -0.770100314 0.358869996 -0.527406705 44.780801034 -0.383635170 -0.921082011 -0.066573162 79.927360140
-0.506464528 0.149678444 0.849170210 51.239997525 -0.772289982 0.359250434 -0.523934451 44.385812959 -0.383486460 -0.921159861 -0.066352439 79.882380251
-0.501592810 0.154854830 0.851131385 52.138502111 -0.770079034 0.368369253 -0.520847747 43.972421128 -0.394186422 -0.916691919 -0.065520911 79.767869475
-0.498060353 0.153581819 0.853433366 52.825218880 -0.772586900 0.368314273 -0.517159626 43.559341468 -0.393758006 -0.916928144 -0.064787435 79.722557737
-0.494697949 0.152994548 0.855492027 53.513553564 -0.775793391 0.365917792 -0.514051344 43.142640190 -0.391686806 -0.917985206 -0.062326621 79.677577469
-0.491862265 0.155331400 0.856705123 54.199101543 -0.778583709 0.361953987 -0.512637026 42.719680229 -0.389716462 -0.919163461 -0.057093010 79.635908568
-0.491103143 0.156758666 0.856880636 54.904211975 -0.781866079 0.354371079 -0.512939152 42.289026427 -0.384061373 -0.921871932 -0.051468467 79.592454016
-0.492411082 0.158135661 0.855876416 55.601964085 -0.782213258 0.350817352 -0.514849109 41.905413422 -0.381672302 -0.922995286 -0.049050541 79.566246618
-0.492727012 0.156138928 0.856061170 56.313765409 -0.783288721 0.348945470 -0.514485994 41.481894456 -0.379049959 -0.924044206 -0.049632998 79.538915849
-0.493077343 0.152848245 0.856453238 57.006610595 -0.784382499 0.347728718 -0.513642711 41.066060138 -0.376322773 -0.925052514 -0.051565664 79.513171838
-0.492999265 0.152279990 0.856599398 57.693126379 -0.784099375 0.348879493 -0.513294525 40.645159701 -0.377014449 -0.924712877 -0.052594688 79.479858555
-0.492863263 0.150077946 0.857066167 58.382671788 -0.785263503 0.347532708 -0.512427797 40.230706229 -0.374762637 -0.925579617 -0.053435371 79.453290378
-0.493225332 0.149253490 0.857001848 59.074788250 -0.785968223 0.345743535 -0.512557666 39.819121562 -0.372803869 -0.926382644 -0.053220970 79.426243163
-0.493192250 0.146781631 0.857447699 59.720097540 -0.787857657 0.342545660 -0.511803462 39.365845524 -0.368838335 -0.927964236 -0.053297833 79.367138756
-0.494763182 0.146463374 0.856596681 60.420932732 -0.788222406 0.339439525 -0.513309115 38.953929767 -0.365943755 -0.929155148 -0.052496467 79.336860951
-0.497823718 0.144290487 0.855191090 61.114833052 -0.787798940 0.337131994 -0.515475362 38.540482520 -0.362690469 -0.930334496 -0.054160410 79.306853120
-0.501415684 0.141045736 0.853632481 61.803365038 -0.786885199 0.335851955 -0.517701794 38.117394235 -0.359713768 -0.931294564 -0.057414635 79.280046720
-0.505920184 0.137755469 0.851509365 62.498854541 -0.785042547 0.335516037 -0.520708353 37.694825975 -0.357425471 -0.931907946 -0.061600431 79.245149726
-0.511665122 0.134577714 0.848579779 63.196432185 -0.782592734 0.334632808 -0.524947137 37.269078649 -0.354608820 -0.932689510 -0.065900395 79.208833664
-0.518229648 0.133974178 0.844682752 63.862628996 -0.778911517 0.333923336 -0.530840893 36.840535359 -0.353178255 -0.933030613 -0.068694943 79.170715737
-0.528937074 0.100639963 0.842672635 64.491271864 -0.786182362 0.315826394 -0.531197687 36.272749463 -0.319597975 -0.943464513 -0.087930925 79.553707209
-0.537398775 0.101123893 0.837243402 65.170174690 -0.780823358 0.315420519 -0.539281726 35.836927336 -0.318618016 -0.943548544 -0.090546703 79.488333673
-0.546090730 0.100579634 0.831666190 65.839719665 -0.774700405 0.317151637 -0.547041243 35.393270202 -0.318785502 -0.943026286 -0.095274486 79.425608108
-0.554591034 0.099132517 0.826197028 66.494864936 -0.769490396 0.316812893 -0.554539557 34.943170563 -0.316722773 -0.943293345 -0.099420070 79.357330331
-0.563571258 0.098950423 0.820119656 67.142840419 -0.762971973 0.318199727 -0.562692369 34.491664449 -0.316640498 -0.942845559 -0.103831821 79.286654794
-0.572596243 0.099318245 0.813799379 67.788388366 -0.756619525 0.318210983 -0.571199322 34.035783217 -0.315690415 -0.942803085 -0.107060290 79.214110420
-0.587810368 0.089357498 0.804048636 68.363830355 -0.754568718 0.297838898 -0.584737582 33.493389940 -0.291727647 -0.950424762 -0.107646419 79.316613721
-0.596467171 0.089955223 0.797580699 68.985062793 -0.748423402 0.296676232 -0.593165765 33.029800123 -0.289981595 -0.950731966 -0.109633039 79.241999415
-0.604524215 0.091230963 0.791345301 69.577712838 -0.742202216 0.296259516 -0.601137396 32.576761146 -0.289285920 -0.950740349 -0.111384228 79.166295627
-0.611380340 0.092877509 0.785867577 70.154949716 -0.736305550 0.297100531 -0.607935368 32.111616397 -0.289945197 -0.950318390 -0.113255198 79.089261637
-0.618723407 0.093631029 0.780009344 70.732159235 -0.730320632 0.297332138 -0.615000304 31.645697550 -0.289504957 -0.950172000 -0.115585681 79.013487945
-0.625850585 0.094401413 0.774208899 71.314820708 -0.724414518 0.297488259 -0.621871645 31.178463960 -0.289023619 -0.950046898 -0.117797447 78.933498977
-0.633900498 0.071359743 0.770115541 71.915972396 -0.729666807 0.274962756 -0.626084526 30.729705531 -0.256430323 -0.958803040 -0.122230192 78.825159134
-0.639575410 0.071455058 0.765400202 72.478540925 -0.724440517 0.277048085 -0.631213352 30.260655190 -0.257156047 -0.958195457 -0.125428203 78.743920197
-0.643208971 0.071849906 0.762312148 73.028674457 -0.720392072 0.280571353 -0.634283043 29.788843620 -0.259456128 -0.957140171 -0.128705909 78.662088746
-0.645994693 0.072323124 0.759908036 73.577986187 -0.717038815 0.283947666 -0.636576045 29.320809837 -0.261813281 -0.956108304 -0.131570198 78.577449949
-0.647848280 0.072454078 0.758315905 74.114267823 -0.714862483 0.286095711 -0.638060244 28.861419072 -0.263180995 -0.955457823 -0.133551912 78.493839276
-0.649071204 0.071930645 0.757319321 74.640313038 -0.713704061 0.287001394 -0.638949695 28.410416545 -0.263311765 -0.955225723 -0.134947147 78.412441236
-0.649438554 0.072421538 0.756957519 75.146894930 -0.713138380 0.287512968 -0.639351190 27.964692209 -0.263937899 -0.955034771 -0.135075428 78.336257630
-0.649182961 0.074457555 0.756979231 75.726271452 -0.712915301 0.287377628 -0.639660748 27.524900913 -0.265166471 -0.954918935 -0.133478729 78.243080438
-0.646779952 0.076251516 0.758855323 76.217832867 -0.714613910 0.287039237 -0.637914913 27.109057172 -0.266463232 -0.954879146 -0.131160830 78.166970719
-0.642748159 0.076845565 0.762213594 76.686965783 -0.717878101 0.286928518 -0.634289411 26.720360139 -0.267443145 -0.954864799 -0.129257029 78.100013130
-0.636236464 0.074224465 0.767915288 77.042346088 -0.725125624 0.282339357 -0.628074292 26.519180565 -0.263431187 -0.956438820 -0.125812533 78.037778759
-0.627676261 0.073017451 0.775042556 77.485341315 -0.732564844 0.281441003 -0.619790054 26.170301196 -0.263384244 -0.956796433 -0.123163819 77.988364846
-0.616900144 0.073214343 0.783628657 77.935654514 -0.741245087 0.280634671 -0.609753969 25.830299141 -0.264556106 -0.957018203 -0.118853797 77.930012907
-0.603102238 0.074612948 0.794166606 78.386020313 -0.751819878 0.279493091 -0.597202213 25.502681572 -0.266523097 -0.957244232 -0.112467411 77.871734188
-0.586124089 0.076094316 0.806640073 78.823114693 -0.764736401 0.276925070 -0.581799573 25.203373505 -0.267650499 -0.957873771 -0.104120361 77.827385787
-0.565133566 0.075992703 0.821492034 79.191859950 -0.779902531 0.275498182 -0.562007823 24.914769973 -0.269028055 -0.958293202 -0.096426369 77.836294595
-0.541545668 0.076849699 0.837151368 79.644894007 -0.795977764 0.273496663 -0.540017568 24.641661411 -0.270458294 -0.958798049 -0.086940282 77.799092812
-0.516582228 0.074033780 0.853030950 80.146099475 -0.813196435 0.269470403 -0.515846159 24.414376975 -0.268056635 -0.960158686 -0.078999615 77.764136114
-0.483636952 0.071576953 0.872337113 80.609347937 -0.832363372 0.270603702 -0.483678461 24.179633464 -0.270677882 -0.960026237 -0.071295916 77.741256391
-0.444092570 0.069549726 0.893277462 81.018881774 -0.852286408 0.274752058 -0.445105814 23.969628423 -0.276386808 -0.958996425 -0.062739062 77.735519673
-0.402286428 0.064489272 0.913239708 81.496624715 -0.872481240 0.275224296 -0.403767350 23.775368620 -0.277384418 -0.959214637 -0.054453319 77.722825320
-0.357685707 0.057118100 0.932093588 82.039235278 -0.893191137 0.270361536 -0.359324691 23.584784712 -0.272526198 -0.961063038 -0.045687077 77.705019476
-0.306717714 0.053619141 0.950289025 82.509003076 -0.912168480 0.268546752 -0.309566320 23.445851202 -0.271795711 -0.961773170 -0.033458355 77.707514106
-0.254635713 0.055268108 0.965456415 83.053767658 -0.926705462 0.271372266 -0.259950148 23.379447663 -0.276365048 -0.960886325 -0.017883813 77.728334001
-0.191278566 0.058340362 0.979800445 83.535231673 -0.940716347 0.273985016 -0.199962411 23.279995321 -0.280116521 -0.959962819 0.002474271 77.730008339
-0.127445055 0.059914713 0.990034335 83.944723175 -0.952159861 0.272139307 -0.139038829 23.248942985 -0.277757729 -0.960390767 0.022365576 77.771114957
-0.059131228 0.065535015 0.996096712 84.427088640 -0.958702383 0.274354675 -0.074961683 23.236084618 -0.278196404 -0.959392868 0.046605646 77.801469774
0.013513609 0.073135225 0.997230475 84.916027303 -0.962412439 0.271505250 -0.006869959 23.241682702 -0.271255745 -0.959654176 0.074055266 77.784186177
0.083147936 0.076565153 0.993591565 85.393421924 -0.961141590 0.269531486 0.059662564 23.305570533 -0.263236138 -0.959942996 0.096000940 77.826673442
0.136231078 0.093735449 0.986232609 85.818293464 -0.962175257 0.249594254 0.109185543 23.590859327 -0.235923437 -0.963803078 0.124192424 77.761274073
0.204349448 0.092290851 0.974537686 86.269054717 -0.951713547 0.251718027 0.175725238 23.702381959 -0.229090872 -0.963390074 0.139272893 77.839604878
0.269255154 0.083496338 0.959442559 86.650960008 -0.934946951 0.261650637 0.239610400 23.872474460 -0.231032166 -0.961544230 0.148515429 77.982661120
0.333743848 0.076556844 0.939549942 87.078924355 -0.916122017 0.261188789 0.304139551 24.050331751 -0.222115947 -0.962247092 0.157305562 78.073065908
0.394675199 0.071529266 0.916032233 87.496034905 -0.894431004 0.258091540 0.365214917 24.259704262 -0.210296615 -0.963468900 0.165840323 78.164776771
0.452769949 0.059912708 0.889612186 87.901909029 -0.867844070 0.258520344 0.424280453 24.464456587 -0.204563057 -0.964146099 0.169045131 78.304084207
0.502287584 0.057197200 0.862806852 88.272392055 -0.843231008 0.253367846 0.474095140 24.712117347 -0.191490599 -0.965677594 0.175493975 78.405843774
0.541713040 0.062117997 0.838265076 88.466220381 -0.822092288 0.247069672 0.512953065 24.935086591 -0.175246260 -0.967004618 0.184907590 78.417369830
0.576540811 0.064322648 0.814532559 88.822655754 -0.801146903 0.240342879 0.548086617 25.223849167 -0.160512718 -0.968554540 0.190099369 78.524483647
0.606615987 0.068944938 0.791999772 89.265031647 -0.780875192 0.238600117 0.577324794 25.566171104 -0.149167616 -0.968667425 0.198576038 78.623881239
0.631729173 0.070615568 0.771966122 89.622104422 -0.762253698 0.237751524 0.602032817 25.873213488 -0.141023233 -0.968755725 0.204021552 78.727194501
0.649580632 0.067373965 0.757301625 89.987471070 -0.746914576 0.242583880 0.619089394 26.181141018 -0.141998660 -0.967788102 0.207900387 78.833256593
0.660965320 0.064488992 0.747640298 90.270260909 -0.736821743 0.244555873 0.630306389 26.476873984 -0.142192002 -0.967488292 0.209159843 78.951836471
0.670488857 0.067801632 0.738815018 90.633883001 -0.729463229 0.241955816 0.639797453 26.810080184 -0.135381279 -0.967915452 0.211687476 79.064456546
0.677390350 0.071447146 0.732145900 90.999843816 -0.724398323 0.237995095 0.646997222 27.154264751 -0.128021028 -0.968634936 0.212971774 79.174999538
0.681476233 0.077486193 0.727726620 91.375882779 -0.721947197 0.234127160 0.651134946 27.514167227 -0.119926599 -0.969113184 0.215493035 79.286643243
0.682853795 0.083702552 0.725744154 91.750472796 -0.721561641 0.232670442 0.652083786 27.876711908 -0.114278136 -0.968947031 0.219276445 79.412413012
0.683353021 0.086151901 0.724987240 92.142252076 -0.721240364 0.233786942 0.652039879 28.231715379 -0.113318075 -0.968463482 0.221895242 79.540446071
0.681564606 0.087277591 0.726534452 92.545771934 -0.722510502 0.237609207 0.649246055 28.586613171 -0.115966643 -0.967431903 0.225005001 79.667868806
0.680173108 0.087845405 0.727769008 92.912651640 -0.722727658 0.246393465 0.645720522 28.891958605 -0.122593947 -0.965180525 0.231078513 79.753187878
0.676995670 0.090810298 0.730363165 93.333414161 -0.725402488 0.250024095 0.641310520 29.262885761 -0.124370790 -0.963971702 0.235139245 79.882914106
0.673260221 0.093794922 0.733432470 93.754810496 -0.729520870 0.245913226 0.638220954 29.641479469 -0.120498860 -0.964743073 0.233988946 80.022155754
0.668524465 0.093502515 0.737788804 94.188970714 -0.734358097 0.239665610 0.635042188 30.031288187 -0.117444562 -0.966342421 0.228886652 80.169882110
0.665214453 0.088674125 0.741368081 94.647675689 -0.736901036 0.237919099 0.632749054 30.420537776 -0.120277157 -0.967228723 0.223611277 80.316376470
0.662033717 0.084116557 0.744738721 95.118732648 -0.739543439 0.234541880 0.630924408 30.806557674 -0.121601231 -0.968459866 0.217482481 80.466356805
0.659336321 0.079580868 0.747624572 95.601358538 -0.741597059 0.232482204 0.629274048 31.214575202 -0.123731233 -0.969339420 0.212300899 80.615251853
0.657234739 0.076138831 0.749830231 96.091777102 -0.742634455 0.235169606 0.627048102 31.625593715 -0.128594570 -0.968967561 0.211104954 80.760344783
0.657088191 0.075765750 0.749996440 96.587467175 -0.742012374 0.240372648 0.625810376 32.035543212 -0.132863637 -0.967719247 0.214165153 80.905925685
0.658454332 0.078023445 0.748565451 97.080109574 -0.740099954 0.247793835 0.625180192 32.444533196 -0.136711192 -0.965665862 0.220906073 81.050092822
0.659002196 0.083475807 0.747494412 97.583649337 -0.739763676 0.251488664 0.624101880 32.870052198 -0.135888963 -0.964253723 0.227483952 81.203108464
0.660162643 0.088794394 0.745855777 98.100268828 -0.739445549 0.251240571 0.624578623 33.305089772 -0.131930151 -0.963843209 0.231518259 81.368408458
0.662283964 0.085144946 0.744399281 98.628925085 -0.737541003 0.249065431 0.627693939 33.752922805 -0.131959161 -0.964736622 0.227749930 81.531763320
0.664201377 0.076768924 0.743601414 99.152009664 -0.735200487 0.247168017 0.631180018 34.199902223 -0.135339476 -0.965926759 0.220609887 81.684645945
0.666063749 0.073636777 0.742251108 99.695772548 -0.733922073 0.242281181 0.634553560 34.667204350 -0.133106996 -0.967407595 0.215418368 81.857373418
0.667258141 0.076312799 0.740906829 100.238624982 -0.733461091 0.240433715 0.635788059 35.142706827 -0.129620215 -0.967661090 0.216403822 82.028525016
0.668489563 0.082931744 0.739083236 100.782411841 -0.733192620 0.240113037 0.636218761 35.623722744 -0.124700789 -0.967195976 0.221318002 82.197828229
0.670237190 0.085009685 0.737262140 101.247684440 -0.731086343 0.246499224 0.636200355 36.160938278 -0.127651354 -0.965407420 0.227362367 82.356118429
0.673496438 0.085793575 0.734194804 101.816174786 -0.727894279 0.249952800 0.638508822 36.658227885 -0.128734093 -0.964449615 0.230790973 82.536837096
0.676614073 0.083470182 0.731591502 102.396527653 -0.724817565 0.250562764 0.641761481 37.170462103 -0.129741641 -0.964495220 0.230034946 82.723701684
0.679321994 0.079439880 0.729527884 102.970028399 -0.721799291 0.251679966 0.644719302 37.687739978 -0.132391129 -0.964544711 0.228311386 82.917092814
0.680992217 0.076221973 0.728312990 103.393791773 -0.720148316 0.250071693 0.647186644 38.038091619 -0.132800620 -0.965222440 0.225188002 83.101033806
0.682492064 0.072270598 0.727311173 103.990698927 -0.718235294 0.250708670 0.649063345 38.565122447 -0.135435021 -0.965361136 0.223013972 83.292192686
0.683097595 0.067919892 0.727161993 104.586013783 -0.716695808 0.253812670 0.649558502 39.101088794 -0.140444984 -0.964865803 0.222056726 83.479965707
0.683532158 0.067513601 0.726791375 105.190529464 -0.716466922 0.252348691 0.650380878 39.658800283 -0.139495297 -0.965278225 0.220859707 83.673386935
0.683359977 0.072073780 0.726515321 105.803371907 -0.717531010 0.250023303 0.650105836 40.184320539 -0.134790175 -0.965553581 0.222571091 83.866400962
0.682323140 0.078209197 0.726855181 106.357239583 -0.719579298 0.247295217 0.648884204 40.673891675 -0.128999097 -0.965778648 0.225012968 84.062588064
0.681248145 0.084338962 0.727178042 106.911199929 -0.721609718 0.244551315 0.647668178 41.162601458 -0.123208685 -0.965961487 0.227459944 84.260652097
0.678547993 0.087926355 0.729274693 107.522743882 -0.725019666 0.239625934 0.645697991 41.728166320 -0.117979258 -0.966875570 0.226346033 84.465015499
0.676047408 0.088274972 0.731551387 108.138753437 -0.727697672 0.236041975 0.644003326 42.287771996 -0.115827459 -0.967725020 0.223813057 84.670417004
0.673845223 0.089326195 0.733453098 108.763702069 -0.729739050 0.236056012 0.641684095 42.852929742 -0.115816815 -0.967625129 0.224250029 84.876934308
0.672662636 0.090109480 0.734442142 109.374118995 -0.730425546 0.239595857 0.639587639 43.372852604 -0.118336384 -0.966682009 0.226985447 85.064598883
0.669677569 0.061593321 0.740093384 109.448125277 -0.727055420 0.257538076 0.636446821 43.693969523 -0.151401353 -0.964303066 0.217249230 85.373090537
0.670326123 0.077978170 0.737958193 110.218174491 -0.729522492 0.251327711 0.636106371 44.328723546 -0.135866932 -0.964755817 0.225358359 85.440235138
0.669305656 0.077423535 0.738942173 110.853196666 -0.730290048 0.251634376 0.635103603 44.876655065 -0.136771287 -0.964720549 0.224961949 85.647776729
0.667737898 0.077594155 0.740341304 111.490282031 -0.732262514 0.247308868 0.634531272 45.438178327 -0.133857052 -0.965824762 0.221956795 85.852351175
0.666540966 0.075707873 0.741614090 112.126152215 -0.733920175 0.241072413 0.635015959 45.999331763 -0.130706991 -0.967549694 0.216248175 86.054796225
0.665760937 0.075342186 0.742351621 112.776531665 -0.735340217 0.235099182 0.635612413 46.561321416 -0.126637830 -0.969046918 0.211921992 86.263319216
0.664668821 0.078760400 0.742975207 113.404887645 -0.735949395 0.240470917 0.632891954 47.109544082 -0.128817106 -0.967455703 0.217797189 86.467363535
0.664815332 0.084059142 0.742263184 114.031031063 -0.734438997 0.255059908 0.628922732 47.629650111 -0.136454875 -0.963264504 0.231304049 86.662518446
0.665591465 0.087765481 0.741137789 114.656208622 -0.732964323 0.263876092 0.627002957 48.152220087 -0.140539328 -0.960555375 0.239962641 86.861903798
0.666483835 0.080133713 0.741200300 115.288532503 -0.732005323 0.258782571 0.630237882 48.690879455 -0.141306418 -0.962605926 0.231132705 87.063847244
0.667608199 0.063481548 0.741801446 115.927374854 -0.730662154 0.247158595 0.636431807 49.244255104 -0.142940927 -0.966893335 0.211388669 87.267842897
0.668601685 0.052318847 0.741777948 116.561511182 -0.729829848 0.237388955 0.641088821 49.787848199 -0.142548864 -0.970004754 0.196902511 87.472262632
0.668941450 0.058711099 0.740992809 117.171916659 -0.730187708 0.238426700 0.640295728 50.323793667 -0.139080005 -0.969384194 0.202363626 87.661673533
0.669234096 0.074762993 0.739280880 117.782456142 -0.730907091 0.245380204 0.636838583 50.908120733 -0.133792935 -0.966539730 0.218861601 87.842982697
0.670969358 0.078963039 0.737268580 118.371682684 -0.729076689 0.251400306 0.636588617 51.366240100 -0.135082574 -0.964656791 0.226252013 88.022616298
0.914742150 0.402508946 0.035119048 102.253530497 -0.159636349 0.280200710 0.946574771 59.272838703 0.371164432 -0.871478118 0.320566459 89.769842692
0.914746282 0.402657683 0.033257017 102.268685663 -0.157013347 0.278438125 0.947533123 60.056896430 0.372271471 -0.871974197 0.317922870 90.049414312
0.915094205 0.402169822 0.029360356 102.281955939 -0.153362831 0.279771123 0.947738340 60.848642519 0.372937580 -0.871772650 0.317694836 90.317919699
0.914890472 0.403025259 0.023368041 102.309945095 -0.148403795 0.281924999 0.947889555 61.604240720 0.375435398 -0.870683028 0.317740973 90.571491856
0.912838949 0.407811638 0.020364726 102.312177200 -0.146721565 0.281058874 0.948408505 62.381088369 0.381048339 -0.868732167 0.316396248 90.841578786
0.910368352 0.413402983 0.018095224 102.308471872 -0.146380000 0.280829790 0.948529138 63.165881564 0.387043097 -0.866159687 0.316172482 91.097713034
0.909604315 0.415113359 0.017346151 102.308420435 -0.145192605 0.278476454 0.949405062 63.945772204 0.389280230 -0.866101474 0.313574774 91.366020102
0.910208633 0.413863838 0.015393745 102.361588420 -0.140851433 0.274392044 0.951246487 64.693572795 0.389462601 -0.868000996 0.308047322 91.630442318
0.910870852 0.412419355 0.014985564 102.337725102 -0.139657261 0.273871427 0.951572536 65.465904919 0.388342814 -0.868852529 0.307058858 91.901651011
0.911892491 0.410279222 0.011092549 102.341524977 -0.136273566 0.277168866 0.951108267 66.234027976 0.387145450 -0.868820108 0.308658420 92.160533201
0.914187094 0.405266738 0.004563929 102.349627331 -0.129593026 0.281624873 0.950732916 66.997124950 0.384015111 -0.869739215 0.309977567 92.421308408
0.915516745 0.402266915 -0.003227728 102.364148608 -0.121093340 0.283229273 0.951376677 67.755644029 0.383621548 -0.870610423 0.308012986 92.679897614
0.915869177 0.401408966 -0.007381833 102.350173228 -0.114315877 0.278364637 0.953648263 68.523545478 0.384857805 -0.872573189 0.300833009 92.930175787
0.916317938 0.400322707 -0.010157065 102.335992390 -0.107612751 0.270592585 0.956660415 69.295507404 0.385721313 -0.875512069 0.291028667 93.180980525
0.916942744 0.398889626 -0.010152397 102.317485333 -0.103296230 0.261873307 0.959558367 70.080459564 0.385416520 -0.878811378 0.281326623 93.423892782
0.913971465 0.405580220 -0.012682513 102.279242320 -0.101384441 0.258509264 0.960673803 70.857290322 0.392908840 -0.876742634 0.277389615 93.658579277
0.907594975 0.419140682 -0.024340291 102.402550067 -0.097589312 0.266993144 0.958744485 71.842234246 0.408347508 -0.867776325 0.283225286 94.048007222
0.907832025 0.417821103 -0.035588483 102.372006085 -0.090097862 0.277239459 0.956567121 72.591014436 0.409540461 -0.865195821 0.289331647 94.276754536
0.909238545 0.413944306 -0.043992964 102.336907593 -0.082647277 0.283087675 0.955526450 73.344068606 0.407988599 -0.865165580 0.291605595 94.503744319
0.909220789 0.413334557 -0.049720226 102.285873579 -0.075884377 0.281972344 0.956416833 74.123550952 0.409339857 -0.865821079 0.287740753 94.744740776
0.876719319 0.476746887 -0.063840751 102.211598707 -0.108484434 0.325289083 0.939371141 76.455499679 0.468608966 -0.816639099 0.336906840 94.655265830
0.873561773 0.481381728 -0.071843309 102.132362153 -0.102515901 0.326279482 0.939697925 77.215545588 0.475794408 -0.813519103 0.334374565 94.928244754
0.871721407 0.482843027 -0.083452981 102.053870338 -0.093908514 0.331778622 0.938671474 77.968389436 0.480918891 -0.810423073 0.334561598 95.199371163
0.871765482 0.481133467 -0.092387943 101.974234020 -0.085153237 0.334508470 0.938537697 78.737294507 0.482466446 -0.810317635 0.332583010 95.472597751
0.861304067 0.498811653 -0.096655255 101.969505277 -0.081461487 0.323341926 0.942769338 79.541200602 0.501517029 -0.804137385 0.319129655 95.732083961
0.858741748 0.502501574 -0.100273519 101.867056241 -0.074788978 0.316509860 0.945636356 80.318743615 0.506921315 -0.804558063 0.309381809 95.994012848
0.855769076 0.506672764 -0.104604009 101.757053625 -0.068189481 0.310888523 0.947997110 81.098521445 0.512844502 -0.804133718 0.300598537 96.247338899
