1.000000000 0.000000000 0.000000000 0.000000000 0.000000000 1.000000000 0.000000000 0.000000000 0.000000000 0.000000000 1.000000000 0.000000000
0.999991008 -0.002651992 -0.003309167 -0.002678738 0.002644985 0.999994255 -0.002119755 -0.006478237 0.003314770 0.002110983 0.999992278 0.672214483
0.999971031 -0.001039848 -0.007540260 -0.009040573 0.001010555 0.999991932 -0.003887663 -0.008333975 0.007544242 0.003879931 0.999964015 1.361615341
0.999932956 -0.000991390 -0.011536948 -0.021556107 0.000929290 0.999985059 -0.005386834 -0.012734691 0.011542116 0.005375752 0.999918937 2.071444639
0.999855458 0.001321561 -0.016950417 -0.031422172 -0.001443535 0.999973140 -0.007185753 0.000600294 0.016940465 0.007209183 0.999830510 2.833306518
0.999770400 0.000061232 -0.021427644 -0.049730134 -0.000217540 0.999973386 -0.007292447 -0.011853463 0.021426627 0.007295434 0.999743805 3.573711814
0.999658912 0.001873514 -0.026048986 -0.076058477 -0.002101558 0.999959686 -0.008729823 -0.019190208 0.026031581 0.008781589 0.999622549 4.329626204
0.999508030 0.004347575 -0.031061171 -0.111710618 -0.004647660 0.999943162 -0.009595431 -0.025695152 0.031017689 0.009735072 0.999471426 5.106003612
0.999360910 0.004825779 -0.035418695 -0.143723289 -0.005114388 0.999954419 -0.008062424 -0.035874268 0.035378174 0.008238416 0.999340039 5.888642872
0.999184483 0.003967072 -0.040182475 -0.172213161 -0.004180803 0.999977550 -0.005236379 -0.050873495 0.040160799 0.005400103 0.999178637 6.686766996
0.999015921 0.003582656 -0.044208074 -0.200995045 -0.003706329 0.999989444 -0.002715874 -0.062739366 0.044197877 0.002877051 0.999018654 7.509795625
0.998885527 0.005347430 -0.046894652 -0.240481840 -0.005511222 0.999979154 -0.003364176 -0.075104048 0.046875684 0.003618873 0.998894176 8.323920589
0.998723808 -0.001148126 -0.050491954 -0.299956265 0.000989153 0.999994476 -0.003173356 -0.048085112 0.050495318 0.003119362 0.998719426 9.270101959
0.998614022 -0.004403388 -0.052446590 -0.340182519 0.004208881 0.999983852 -0.003818532 -0.055103525 0.052462557 0.003592498 0.998616430 10.106203081
0.998504949 -0.004004128 -0.054514525 -0.385433790 0.003836255 0.999987574 -0.003183705 -0.063618273 0.054526596 0.002969814 0.998507902 10.955674363
0.998398727 -0.005626251 -0.056287890 -0.428960707 0.005458871 0.999980211 -0.003126951 -0.079832217 0.056304369 0.002814675 0.998409683 11.821473882
0.998308469 -0.002038007 -0.058103767 -0.485443699 0.001712517 0.999982566 -0.005651111 -0.099901778 0.058114271 0.005542048 0.998294554 12.679657275
0.998246402 -0.000914724 -0.059188549 -0.550508736 0.000431614 0.999966495 -0.008174487 -0.120175534 0.059194043 0.008134605 0.998213351 13.552640882
0.998012031 0.006836286 -0.062651829 -0.481739762 -0.007479831 0.999921592 -0.010042979 -0.159228475 0.062578260 0.010491639 0.997984913 14.259970350
0.997912122 0.009022954 -0.063952973 -0.541134872 -0.009667595 0.999905463 -0.009777648 -0.182725614 0.063858704 0.010375505 0.997905013 15.148964509
0.997751880 0.010938963 -0.066117505 -0.568403499 -0.011503207 0.999900546 -0.008159291 -0.221775706 0.066021675 0.008901511 0.997778483 16.014905715
0.997579445 0.013347419 -0.068242927 -0.611195370 -0.013823658 0.999883249 -0.006511108 -0.252652119 0.068148053 0.007438715 0.997647487 16.901987065
0.997457255 0.014471328 -0.069782560 -0.674832702 -0.014971985 0.999865754 -0.006656810 -0.276768713 0.069676859 0.007684667 0.997540015 17.822728178
0.997309223 0.014719679 -0.071816751 -0.738993151 -0.015292738 0.999855408 -0.007436113 -0.296807298 0.071696909 0.008514379 0.997390124 18.726509804
0.996993926 0.013815406 -0.076238087 -0.714152448 -0.014465619 0.999863499 -0.007983076 -0.324895021 0.076117391 0.009061909 0.997057684 19.618213490
0.996961737 0.014040535 -0.076616962 -0.797618668 -0.014580059 0.999872662 -0.006486984 -0.336637820 0.076516125 0.007584355 0.997039498 20.548228787
0.996589242 0.021704446 -0.079616574 -0.761198336 -0.022033272 0.999751943 -0.003253837 -0.397401969 0.079526202 0.004996953 0.996820251 21.423016426
0.996659044 0.022259210 -0.078582933 -0.853519082 -0.022309116 0.999751091 0.000242895 -0.404074208 0.078568780 0.001511032 0.996907550 22.373971774
0.996496229 0.026747344 -0.079245471 -0.759978506 -0.026445493 0.999638461 0.004856305 -0.495857772 0.079346714 -0.002743604 0.996843303 23.078669543
0.996559862 0.027082261 -0.078326197 -0.817202748 -0.026739502 0.999627733 0.005421755 -0.503172182 0.078443872 -0.003308700 0.996913041 24.001538283
0.996613381 0.028825879 -0.077011928 -0.889470438 -0.028706530 0.999584353 0.002656534 -0.524499587 0.077056495 -0.000436792 0.997026632 24.925804288
0.996511999 0.031882435 -0.077119045 -0.878689698 -0.032063851 0.999485201 -0.001115030 -0.577987968 0.077043794 0.003583874 0.997021268 25.762329534
0.996579355 0.031691847 -0.076323104 -0.942839019 -0.032085291 0.999477392 -0.003933987 -0.595636006 0.076158541 0.006369379 0.997075377 26.701170538
0.996754975 0.027874381 -0.075515156 -1.028532822 -0.028190976 0.999597656 -0.003129557 -0.594323891 0.075397538 0.005248247 0.997139743 27.673986306
0.996763381 0.026758660 -0.075807236 -1.099045338 -0.026707324 0.999641865 0.001691055 -0.606975320 0.075825337 0.000339026 0.997121058 28.645694621
0.996788524 0.023161449 -0.076656288 -1.167979432 -0.022830034 0.999725853 0.005197013 -0.619645042 0.076755643 -0.003430257 0.997044033 29.618616028
0.996843069 0.016262455 -0.077713763 -1.230558470 -0.015960608 0.999862479 0.004503666 -0.630971031 0.077776317 -0.003249089 0.996965540 30.577545108
0.996738456 0.015262002 -0.079243427 -1.304434645 -0.015225631 0.999883518 0.001063211 -0.657304201 0.079250423 0.000146787 0.996854728 31.545951321
0.996612720 0.015977226 -0.080671025 -1.385522284 -0.016246399 0.999864423 -0.002681359 -0.675146844 0.080617247 0.003982891 0.996737175 32.511479770
0.996415194 0.017567219 -0.082753570 -1.476300059 -0.017902190 0.999834272 -0.003307499 -0.692436081 0.082681752 0.004777112 0.996564552 33.500504053
0.996347647 0.017895798 -0.083493154 -1.563465232 -0.018131257 0.999833488 -0.002062649 -0.703354519 0.083442338 0.003568951 0.996506216 34.496037114
0.996191241 0.021369702 -0.084536067 -1.656151713 -0.021407012 0.999770735 0.000465194 -0.711927316 0.084526627 0.001346243 0.996420311 35.498293329
0.996086715 0.021619996 -0.085696162 -1.751803004 -0.021544064 0.999766260 0.001810888 -0.725105564 0.085715283 0.000042442 0.996319672 36.503067813
0.995985845 0.023176585 -0.086458323 -1.850018581 -0.022868854 0.999728128 0.004548196 -0.737275367 0.086540229 -0.002552736 0.996245086 37.501891924
0.995982400 0.023304870 -0.086463527 -1.933272506 -0.022753574 0.999714039 0.007356240 -0.742907043 0.086610239 -0.005359331 0.996227858 38.513585894
0.995755619 0.029263217 -0.087260592 -2.016759686 -0.028511590 0.999544951 0.009847800 -0.753002387 0.087509062 -0.007318064 0.996136843 39.512836126
0.995739567 0.029198862 -0.087465082 -2.107908031 -0.028488094 0.999550272 0.009363839 -0.760813126 0.087699160 -0.006832231 0.996123576 40.514458476
0.995762502 0.029126432 -0.087227810 -2.202007556 -0.028540718 0.999560979 0.007954668 -0.767933777 0.087421206 -0.005431416 0.996156630 41.499688110
0.995700066 0.031553951 -0.087096074 -2.298846147 -0.031194038 0.999498267 0.005490639 -0.771060805 0.087225627 -0.002750151 0.996184785 42.484342068
0.995647755 0.030757790 -0.087974460 -2.391664750 -0.030349387 0.999521484 0.005976422 -0.783010554 0.088116184 -0.003280440 0.996104802 43.472182754
0.995592449 0.028829142 -0.089244360 -2.477129435 -0.028309430 0.999574106 0.007084014 -0.788390445 0.089410577 -0.004526334 0.995984569 44.466716601
0.995452462 0.030006971 -0.090410056 -2.542044861 -0.029357452 0.999532787 0.008505733 -0.808823521 0.090623046 -0.005812844 0.995868302 45.416033047
0.995345990 0.032180960 -0.090833618 -2.634967479 -0.031832635 0.999479260 0.005281265 -0.822560372 0.090956273 -0.002365212 0.995852078 46.388935493
0.995113693 0.035393116 -0.092174100 -2.714949106 -0.035453041 0.999370855 0.000987721 -0.850275677 0.092151068 0.002284957 0.995742416 47.339636426
0.995006017 0.036802182 -0.092782674 -2.803869830 -0.036975282 0.999316170 -0.000146717 -0.866833005 0.092713827 0.003576650 0.995686373 48.295106435
0.995052065 0.035531663 -0.092784101 -2.900503080 -0.035360055 0.999368532 0.003493390 -0.878747372 0.092849637 -0.000195254 0.995680123 49.279395957
0.995095668 0.034004061 -0.092888831 -2.993021690 -0.033534214 0.999415680 0.006614802 -0.891836677 0.093059485 -0.003467407 0.995654513 50.244612641
0.995133652 0.032601049 -0.092984871 -3.085770488 -0.032066023 0.999459512 0.007242571 -0.904399083 0.093170729 -0.004225671 0.995641180 51.195270274
0.995200632 0.030287078 -0.093050495 -3.175127480 -0.029859878 0.999536205 0.005980207 -0.921538718 0.093188462 -0.003173029 0.995643431 52.143198180
0.995230838 0.027104859 -0.093706483 -3.261965487 -0.026790060 0.999630424 0.004615992 -0.922812566 0.093796967 -0.002083575 0.995589166 53.113810031
0.995186586 0.025574204 -0.094602423 -3.355274408 -0.025140158 0.999667242 0.005777284 -0.930930339 0.094718693 -0.003371155 0.995498370 54.061393917
0.995164442 0.022836431 -0.095531305 -3.449672658 -0.021985734 0.999708788 0.009948156 -0.938993611 0.095730665 -0.007799726 0.995376715 55.021507332
0.995142881 0.022665484 -0.095796257 -3.541547093 -0.021339775 0.999662124 0.014840877 -0.946894129 0.096100265 -0.012724523 0.995290322 55.963811901
0.995053073 0.024396818 -0.096302532 -3.637257349 -0.022832447 0.999589382 0.017313188 -0.949619918 0.096685376 -0.015028719 0.995201525 56.908832618
0.994877320 0.025626700 -0.097787472 -3.737771288 -0.024422231 0.999610650 0.013494558 -0.956013391 0.098095220 -0.011037241 0.995115826 57.845472203
0.994737327 0.031133812 -0.097613197 -3.894961230 -0.030544765 0.999505085 0.007523426 -1.037178769 0.097799120 -0.004502260 0.995195992 58.632896073
0.994584577 0.033311031 -0.098447419 -3.995997786 -0.033182568 0.999444976 0.002942406 -1.051211067 0.098490792 0.000340267 0.995137904 59.542400086
0.994333114 0.037495270 -0.099477451 -4.098512317 -0.037316175 0.999296803 0.003661070 -1.048667769 0.099544771 0.000071794 0.995033082 60.459257205
0.994189259 0.039676652 -0.100067376 -4.211675509 -0.039269535 0.999210425 0.006035686 -1.054429510 0.100227841 -0.002071015 0.994962356 61.327630826
0.993974919 0.042365193 -0.101089323 -4.309525087 -0.041818792 0.999096918 0.007519126 -1.063841242 0.101316581 -0.003246389 0.994848939 62.195623496
0.993741223 0.043666765 -0.102818268 -4.375217477 -0.043130228 0.999041780 0.007436779 -1.077629128 0.103044486 -0.002955658 0.994672357 63.053069537
0.993502805 0.044967754 -0.104547007 -4.442426362 -0.044441731 0.998984890 0.007356713 -1.091515782 0.104771695 -0.002662665 0.994492736 63.910396450
0.993365667 0.045616447 -0.105564158 -4.548828095 -0.045019776 0.998953826 0.008029474 -1.103624893 0.105819996 -0.003223729 0.994380076 64.747358757
0.993152960 0.045587020 -0.107559388 -4.619030880 -0.044960307 0.998954743 0.008245751 -1.104364769 0.107822860 -0.003353388 0.994164466 65.569914199
0.993116812 0.044978175 -0.108147871 -4.736855986 -0.044198384 0.998976668 0.009597869 -1.118241411 0.108468894 -0.004751844 0.994088486 66.360380716
0.992873695 0.047547349 -0.109275232 -4.840558923 -0.046491016 0.998844257 0.012195714 -1.117339922 0.109728811 -0.007028487 0.993936712 67.167208628
0.992701687 0.049010649 -0.110187646 -4.945461543 -0.047518897 0.998740170 0.016125353 -1.114524130 0.110839142 -0.010771670 0.993779984 67.956679657
0.992369368 0.052073818 -0.111764728 -5.045123963 -0.050395506 0.998570860 0.017791308 -1.114408007 0.112531462 -0.012023109 0.993575420 68.741618037
0.992059994 0.054688286 -0.113252637 -5.141297146 -0.053482804 0.998475368 0.013657569 -1.118338349 0.113826877 -0.007492059 0.993472350 69.490606765
0.991902887 0.054436951 -0.114740060 -5.234401075 -0.054052433 0.998517188 0.006462139 -1.124750923 0.114921701 -0.000207835 0.993374531 70.214685307
0.991791766 0.053510699 -0.116127938 -5.330755435 -0.053815263 0.998550777 0.000513355 -1.126414282 0.115987112 0.005740315 0.993234131 70.923580323
0.991720313 0.054294411 -0.116374129 -5.427208898 -0.054718880 0.998501697 -0.000453392 -1.135475983 0.116175149 0.006817501 0.993205345 71.619813532
0.991557969 0.056415212 -0.116748096 -5.519516843 -0.056499944 0.998399253 0.002586210 -1.137046622 0.116707113 0.004031883 0.993158192 72.286901371
0.991367901 0.056759259 -0.118186593 -5.594357270 -0.056582030 0.998386139 0.004857141 -1.150309044 0.118271544 0.001872024 0.992979525 72.944413365
0.990922895 0.055655408 -0.122369486 -5.539323495 -0.055592171 0.998445811 0.003933611 -1.231999259 0.122398228 0.002904880 0.992476819 73.498149622
0.991881233 0.045294290 -0.118827805 -5.763887190 -0.046078652 0.998930356 -0.003860282 -1.168347884 0.118525853 0.009304366 0.992907373 74.199445002
0.992112764 0.041207063 -0.118381764 -5.818479691 -0.042488335 0.999062330 -0.008318808 -1.188403836 0.117927967 0.013283040 0.992933309 74.794997008
0.992384902 0.043735438 -0.115149549 -5.892820956 -0.045053365 0.998945234 -0.008866486 -1.194998672 0.114640313 0.013986842 0.993308596 75.376056825
0.992740694 0.048398724 -0.110106666 -5.997962155 -0.049447093 0.998753533 -0.006809267 -1.189145404 0.109639862 0.012204291 0.993896451 75.955795015
0.993352860 0.046798363 -0.105166579 -6.060042484 -0.047484289 0.998863869 -0.004026568 -1.202862017 0.104858659 0.008993563 0.994446468 76.505562602
0.994136057 0.043271312 -0.099101429 -6.115664464 -0.043501003 0.999053371 -0.000157070 -1.213301694 0.099000820 0.004467160 0.995077325 77.045428134
0.995024494 0.038904076 -0.091720929 -6.120513140 -0.038745527 0.999242948 0.003509292 -1.237965507 0.091788017 0.000061944 0.995778568 77.560212115
0.995862434 0.042664911 -0.080235393 -6.189165559 -0.042590860 0.999089123 0.002634873 -1.241287251 0.080274725 0.000793323 0.996772461 78.073121101
0.996741135 0.047866511 -0.064930015 -6.233904668 -0.047867706 0.998852500 0.001538163 -1.248861444 0.064929134 0.001574900 0.997888635 78.577600611
0.997486995 0.053000172 -0.047017838 -6.249069494 -0.052990860 0.998593951 0.001445352 -1.256911038 0.047028332 0.001049796 0.998893004 79.063180295
0.998358701 0.051514216 -0.025023790 -6.246334666 -0.051509379 0.998672159 0.000838297 -1.257712517 0.025033747 0.000452039 0.999686504 79.549494595
0.998842619 0.048086955 0.001032982 -6.220904368 -0.048087768 0.998842812 0.000776581 -1.267594430 -0.000994444 -0.000825356 0.999999165 80.024643391
0.998415825 0.047153976 0.030697593 -6.187030404 -0.047215068 0.998883942 0.001267907 -1.279308576 -0.030603546 -0.002715288 0.999527914 80.484391552
0.996874639 0.046827852 0.063624737 -6.131012354 -0.047018588 0.998892884 0.001503020 -1.290491568 -0.063483914 -0.004489868 0.997972762 80.942772252
0.993801007 0.046934560 0.100780481 -6.052231594 -0.047242702 0.998883214 0.000671768 -1.302265250 -0.100636402 -0.005428746 0.994908460 81.395844485
0.988705767 0.047287309 0.142213980 -5.959779900 -0.047608169 0.998865429 -0.001147475 -1.308338677 -0.142106890 -0.005636033 0.989835273 81.848766985
0.981174675 0.047008456 0.187313809 -5.852941823 -0.047313410 0.998876042 -0.002844963 -1.320264219 -0.187237014 -0.006071049 0.982296006 82.271979832
0.970419546 0.049452264 0.236305686 -5.729074492 -0.049178449 0.998765081 -0.007056397 -1.329926391 -0.236362823 -0.004773481 0.971653143 82.680594884
0.955968290 0.050346060 0.289119184 -5.579026185 -0.048974433 0.998728168 -0.011981298 -1.345595296 -0.289354684 -0.002705708 0.957218129 83.069637124
0.937369152 0.050620409 0.344639881 -5.400799458 -0.047923121 0.998717253 -0.016346978 -1.359178170 -0.345025286 -0.001193066 0.938592632 83.445750476
0.914331903 0.051345913 0.401697358 -5.204500123 -0.046994864 0.998680928 -0.020685426 -1.369370287 -0.402229602 0.000035632 0.915538828 83.798910823
0.886429072 0.051498623 0.459990643 -4.993808517 -0.045159450 0.998672351 -0.024782248 -1.383889597 -0.460656188 0.001194781 0.887577855 84.128864417
0.854185208 0.049649670 0.517593026 -4.761816806 -0.040740479 0.998761183 -0.028571190 -1.406166203 -0.518370373 0.003318100 0.855149780 84.433830408
0.818103322 0.049269886 0.572956745 -4.518420115 -0.038019617 0.998777214 -0.031600405 -1.427398668 -0.573813090 0.004068800 0.818976179 84.723169110
0.778188652 0.047952965 0.626197201 -4.274955586 -0.035525033 0.998845320 -0.032341916 -1.448451497 -0.627025035 0.002922436 0.778993623 84.999381497
0.735579792 0.047580671 0.675765084 -4.002984757 -0.035449223 0.998867215 -0.031743338 -1.469540625 -0.676509957 -0.000605589 0.736433236 85.254964680
0.690979179 0.046427233 0.721382205 -3.711947887 -0.032833863 0.998921180 -0.032839222 -1.489757752 -0.722128597 -0.000994546 0.691758122 85.483573336
0.645247486 0.044976658 0.762648531 -3.402298634 -0.027670898 0.998986407 -0.035503238 -1.510504417 -0.763472333 0.001805205 0.645838012 85.689707183
0.599138934 0.042147406 0.799534949 -3.078181087 -0.020112489 0.999090620 -0.037595483 -1.532248332 -0.800392420 0.006444280 0.599441778 85.875876751
0.552760218 0.044164412 0.832169241 -2.750167644 -0.020083208 0.999010637 -0.039678850 -1.554534518 -0.833098317 0.005220262 0.553100301 86.051646814
0.505718099 0.047102833 0.861411938 -2.414308692 -0.022039572 0.998887851 -0.041681146 -1.576708721 -0.862417220 0.002093760 0.506193792 86.216316275
0.460507538 0.049209820 0.886290698 -2.075081929 -0.021031992 0.998786722 -0.044527968 -1.599339354 -0.887406594 0.001865006 0.460983795 86.359144731
0.418865402 0.046523663 0.906855735 -1.727640389 -0.012135891 0.998884255 -0.045639508 -1.619286366 -0.907967233 0.008111308 0.418962661 86.473255660
0.380356925 0.038732721 0.924028347 -1.364050427 0.004359675 0.999036436 -0.043671423 -1.637537874 -0.924829499 0.020639192 0.379821564 86.565930203
0.345482361 0.035029000 0.937771245 -1.003026017 0.009777306 0.999114488 -0.040922420 -1.656761286 -0.938374308 0.023306850 0.344833943 86.659156136
0.312617820 0.039112694 0.949073388 -0.645496541 0.008422357 0.998998473 -0.043944442 -1.678084691 -0.949841651 0.021731250 0.311975304 86.756445876
0.281368536 0.046867029 0.958454604 -0.284940096 -0.000946524 0.998819675 -0.048562956 -1.706349592 -0.959599318 0.012756888 0.281080790 86.859121342
0.253065178 0.051249650 0.966090829 0.094225409 -0.004473360 0.998647204 -0.051804931 -1.738188546 -0.967438889 0.008788352 0.252952090 86.949755084
0.227744480 0.052919092 0.972281863 0.487385384 -0.001843259 0.998543735 -0.053916706 -1.766749881 -0.973719187 0.010487065 0.227510367 87.021682320
0.204726232 0.054191310 0.977317999 0.895898508 0.006682252 0.998365594 -0.056758160 -1.791188885 -0.978796464 0.018150569 0.204029506 87.082734661
0.185093484 0.060376628 0.980864448 1.310952897 0.014954028 0.997822277 -0.064242351 -1.805037178 -0.982607134 0.026558715 0.183787528 87.134962966
0.165580349 0.067120480 0.983909543 1.736723433 0.018429386 0.997296419 -0.071135155 -1.819447845 -0.986024090 0.029911433 0.163895700 87.193921830
0.148136130 0.067965688 0.986628781 2.170569371 0.016863070 0.997317088 -0.071233855 -1.848903590 -0.988823201 0.027189897 0.146592584 87.250157622
0.132564709 0.063618769 0.989130553 2.629799741 0.015501065 0.997682887 -0.066246312 -1.889161885 -0.991053134 0.024114500 0.131271383 87.308117220
0.118127157 0.060380896 0.991160997 3.106013033 0.016617527 0.997889585 -0.062771284 -1.927793492 -0.992859422 0.023885638 0.116874478 87.359018444
0.104970040 0.057897953 0.992788556 3.598320838 0.019289731 0.997997442 -0.060241280 -1.963400797 -0.994288287 0.025474154 0.103642995 87.402782026
0.093797349 0.056756604 0.993972205 4.079684624 0.023660824 0.997964664 -0.059217358 -2.002212574 -0.995310114 0.029072633 0.092263532 87.429215558
0.083885381 0.057476000 0.994816441 4.585772469 0.027257988 0.997829232 -0.059948526 -2.031606219 -0.996102527 0.032145499 0.082136605 87.458418449
0.076160167 0.058053500 0.995404149 5.122212241 0.029534122 0.997734254 -0.060449104 -2.065404141 -0.996658098 0.034002201 0.074273049 87.494652914
0.070567418 0.058351336 0.995798856 5.668166303 0.031356728 0.997664452 -0.060682754 -2.101889285 -0.997014040 0.035507219 0.068572897 87.529579540
0.065190002 0.059288946 0.996109976 6.219229794 0.032715599 0.997569728 -0.061516890 -2.140145144 -0.997336429 0.036598621 0.063091899 87.556503949
0.059157372 0.060145672 0.996435097 6.810601929 0.033394526 0.997505314 -0.062192871 -2.176258253 -0.997689937 0.036954645 0.057001257 87.592475795
0.054931957 0.060117458 0.996678670 7.411833947 0.035916932 0.997420860 -0.062141788 -2.215966223 -0.997843903 0.039211210 0.052631045 87.620895923
0.052183045 0.059981682 0.996834554 8.018351244 0.037574565 0.997369803 -0.061980871 -2.258470367 -0.997930399 0.040689976 0.049792008 87.644798947
0.049098201 0.059504525 0.997019848 8.655315169 0.038614174 0.997364383 -0.061426641 -2.300868365 -0.998047250 0.041515035 0.046671079 87.675881886
0.047152413 0.058872252 0.997151296 9.310527232 0.041136266 0.997300342 -0.060826268 -2.345681281 -0.998040309 0.043887186 0.044603333 87.696987009
0.046591961 0.059370442 0.997148103 9.985301768 0.046351542 0.997028437 -0.061529103 -2.346680381 -0.997838025 0.049086114 0.043701598 87.727783815
0.048264643 0.058160856 0.997139829 10.653738356 0.049215387 0.996952211 -0.060532089 -2.426424855 -0.997621356 0.051996182 0.045255133 87.729879980
0.050421336 0.058032452 0.997040583 11.338924740 0.050377505 0.996891774 -0.060571431 -2.474641294 -0.997456664 0.053282510 0.047341085 87.770277233
0.055447879 0.059102488 0.996710805 12.126574591 0.057155073 0.996421786 -0.062264936 -2.469859824 -0.996824373 0.060419537 0.051871468 87.820543923
0.059973373 0.058625387 0.996476923 12.842031947 0.057489805 0.996413961 -0.062081731 -2.516175484 -0.996543083 0.061010515 0.056387944 87.854436334
0.064315099 0.057116275 0.996293782 13.578217086 0.058905187 0.996402685 -0.060925104 -2.560444516 -0.996189614 0.062605276 0.060719292 87.892002441
0.067771137 0.055438651 0.996159440 14.348031667 0.058464824 0.996518545 -0.059436140 -2.615960489 -0.995986414 0.062268341 0.064293983 87.961159133
0.071734847 0.053549557 0.995985219 15.112253683 0.055114844 0.996819312 -0.057563994 -2.664752354 -0.995899827 0.059022914 0.068555306 88.018751395
0.075569793 0.052549247 0.995754881 15.913994399 0.054156715 0.996920158 -0.056720802 -2.716935611 -0.995668748 0.058213192 0.072491156 88.093782637
0.081267788 0.052983993 0.995282996 16.601371466 0.047620917 0.997239151 -0.056976517 -2.788698567 -0.995554014 0.052026644 0.078520274 88.057151973
0.083272701 0.057597960 0.994860861 17.472280227 0.049052133 0.996881179 -0.061820731 -2.824614429 -0.995318816 0.053948027 0.080187685 88.206654685
0.083005622 0.063011661 0.994554974 18.349012902 0.043411645 0.996822984 -0.066778493 -2.892587860 -0.995603081 0.048718258 0.080006472 88.348118930
0.083886990 0.065998537 0.994287265 19.044280069 0.039899111 0.996781616 -0.069530354 -2.946215133 -0.995676169 0.045503870 0.080983727 88.357437931
0.084631321 0.065553036 0.994253659 19.818823296 0.036986831 0.996939184 -0.068878434 -3.010748191 -0.995725622 0.042603565 0.081947681 88.401115223
0.084664035 0.063812979 0.994364071 20.622334669 0.033710946 0.997192396 -0.066864767 -3.079848318 -0.995839130 0.039181994 0.082275136 88.467976385
0.084698120 0.062486454 0.994445409 21.425557473 0.034569662 0.997246552 -0.065606805 -3.145598903 -0.995806792 0.039934414 0.082304773 88.531793224
0.085253355 0.061948292 0.994431634 22.251369216 0.031906479 0.997383666 -0.064867555 -3.210496827 -0.995848303 0.037258988 0.083053752 88.602987284
0.085372810 0.062410452 0.994392487 23.084247481 0.030162496 0.997416917 -0.065189851 -3.275670334 -0.995892417 0.035558800 0.083269830 88.679915411
0.089011812 0.062559990 0.994063954 23.759580870 0.025105340 0.997567550 -0.065028500 -3.341755989 -0.995714125 0.030744619 0.087224705 88.594549181
0.087658809 0.063932170 0.994096882 24.561666060 0.022194509 0.997565318 -0.066112329 -3.408237438 -0.995903277 0.027858820 0.086026444 88.673090809
0.084932456 0.063508080 0.994360700 25.352993230 0.019065237 0.997680352 -0.065348541 -3.474798036 -0.996204294 0.024507934 0.083524646 88.740990960
0.080985396 0.062223720 0.994771117 26.170878285 0.016540889 0.997828073 -0.063761547 -3.539907448 -0.996578027 0.021618153 0.079780266 88.810578612
0.076135656 0.060048807 0.995287648 26.980926645 0.015060335 0.998001789 -0.061364617 -3.599273809 -0.996983725 0.019661401 0.075079166 88.877797254
0.069811351 0.058035951 0.995870576 27.787788827 0.012983175 0.998168818 -0.059080016 -3.660459252 -0.997475720 0.017054018 0.068930023 88.940445659
0.062154228 0.058145666 0.996371383 28.596896197 0.012579912 0.998176600 -0.059035756 -3.726122378 -0.997987273 0.016203586 0.061309429 89.000036062
0.052986241 0.059306427 0.996832587 29.401344791 0.012545828 0.998116545 -0.060049685 -3.781268964 -0.998516430 0.015687897 0.052142395 89.053232773
0.043113971 0.059816361 0.997277889 30.205450416 0.013450030 0.998080848 -0.060445989 -3.838865840 -0.998979621 0.016019484 0.042226697 89.089108787
0.033049013 0.058909902 0.997716085 31.006531872 0.015525464 0.998110694 -0.059447478 -3.896689899 -0.999333139 0.017454686 0.032071970 89.113844427
0.022614096 0.057754137 0.998074678 31.835348523 0.013992354 0.998213914 -0.058079229 -3.967405625 -0.999646346 0.015278823 0.021765589 89.120998668
0.011849458 0.056875714 0.998310945 32.627777920 0.015887420 0.998244304 -0.057060494 -4.024601750 -0.999803571 0.016536721 0.010925046 89.124657135
0.000883507 0.057281451 0.998357679 33.411023947 0.016516405 0.998221051 -0.057288228 -4.081029867 -0.999863205 0.016539894 -0.000064148 89.127288563
-0.010232057 0.057723104 0.998280195 34.195308826 0.017229497 0.998194427 -0.057541548 -4.136768782 -0.999799205 0.016611097 -0.011208123 89.119237764
-0.020643296 0.058726020 0.998060674 34.963318536 0.017684396 0.998138672 -0.058364836 -4.194326097 -0.999630490 0.016445258 -0.021643406 89.103374723
-0.030623379 0.059378778 0.997765689 35.641517072 0.019514174 0.998079122 -0.058798503 -4.256427054 -0.999340485 0.017669965 -0.031723283 89.068443248
-0.039788833 0.059876464 0.997412481 36.375340953 0.020616652 0.998039642 -0.059091673 -4.316384085 -0.998995397 0.018212117 -0.040945285 89.022832609
-0.049036535 0.060457340 0.996965560 37.140172078 0.022422065 0.997981452 -0.059416098 -4.368411346 -0.998545277 0.019440467 -0.050293130 88.981181796
-0.058071357 0.060663783 0.996467572 37.870031646 0.023425290 0.997959992 -0.059389479 -4.426588961 -0.998037561 0.019893715 -0.059373958 88.930299352
-0.066206442 0.060111438 0.995993636 38.584563155 0.025154120 0.997967021 -0.058558475 -4.483200453 -0.997488836 0.021176395 -0.067583896 88.866933919
-0.073104941 0.059109824 0.995571040 39.303500233 0.027831221 0.997974233 -0.057208857 -4.531471924 -0.996935851 0.023525707 -0.074601946 88.803918004
-0.077808649 0.057577183 0.995304316 40.023181329 0.030744775 0.997994702 -0.055329324 -4.580537638 -0.996494141 0.026295307 -0.079422817 88.733063550
-0.081591926 0.055571729 0.995115340 40.739364069 0.033607051 0.998029957 -0.052978971 -4.639604482 -0.996099053 0.029120236 -0.083298788 88.673149193
-0.084078281 0.054299496 0.994978596 41.444029227 0.035509653 0.998043239 -0.051466087 -4.691356095 -0.995826244 0.031004165 -0.085841916 88.608579937
-0.085554472 0.053459322 0.994898253 42.134488680 0.036024489 0.998072518 -0.050532026 -4.738050426 -0.995682012 0.031517460 -0.087315412 88.543639658
-0.086286554 0.053702527 0.994821928 42.792491259 0.036716220 0.998039218 -0.050691596 -4.786773906 -0.995593567 0.032152097 -0.088089119 88.482900202
-0.085355440 0.054693595 0.994848260 43.455349549 0.037311225 0.997967293 -0.051663862 -4.833349046 -0.995651707 0.032709216 -0.087222622 88.426861445
-0.082037904 0.056226613 0.995041884 44.067559451 0.038411868 0.997843861 -0.053218013 -4.878394620 -0.995888704 0.033855523 -0.084020788 88.366774710
-0.076508054 0.056660764 0.995457722 44.681352999 0.038022521 0.997823619 -0.053873127 -4.923817311 -0.996343719 0.033728084 -0.078495928 88.314001637
-0.068576008 0.056974927 0.996017665 45.283460161 0.036841782 0.997831569 -0.054542123 -4.976030461 -0.996965403 0.032954785 -0.070526363 88.277334702
-0.056968791 0.056991791 0.996747958 45.856134888 0.035475097 0.997854445 -0.055027490 -5.018065238 -0.997745496 0.032224881 -0.058868350 88.242296008
-0.043154521 0.057299291 0.997423921 46.417988212 0.034523765 0.997843253 -0.055829676 -5.061611735 -0.998471731 0.032025526 -0.045039635 88.225638052
-0.025826767 0.058403080 0.997958946 46.953699357 0.032909795 0.997800506 -0.057542116 -5.106651311 -0.999124579 0.031356497 -0.027691994 88.221781763
-0.004428013 0.060949564 0.998131025 47.487477711 0.030529686 0.997683768 -0.060786814 -5.148165976 -0.999524052 0.030203462 -0.006278528 88.231211295
0.020311846 0.063556263 0.997771532 48.017260055 0.026937712 0.997580331 -0.064092460 -5.199711572 -0.999430732 0.028179519 0.018550637 88.253835098
0.049058958 0.065327816 0.996657160 48.537505151 0.023893186 0.997496378 -0.066558930 -5.241846604 -0.998510057 0.027078627 0.047375243 88.286817364
0.082214791 0.064894242 0.994499606 49.059340145 0.020470418 0.997557310 -0.066786046 -5.282086344 -0.996404381 0.025848624 0.080685553 88.347575796
0.120431693 0.062319400 0.990763594 49.581320779 0.017646873 0.997735531 -0.064902993 -5.326528546 -0.992564756 0.025300256 0.119059236 88.423361769
0.162591664 0.058389827 0.984964253 50.093097332 0.013677132 0.998018209 -0.061421415 -5.372253932 -0.986598645 0.023458096 0.161470836 88.524488914
0.207759645 0.053819055 0.976698233 50.603418946 0.008987210 0.998338108 -0.056923204 -5.419095706 -0.978138620 0.020604137 0.206930688 88.650681205
0.256090702 0.050361700 0.965339967 51.114746971 0.002274630 0.998607762 -0.052700705 -5.460700555 -0.966650081 0.015691952 0.255619608 88.798792758
0.307246308 0.048808059 0.950377546 51.608292841 -0.003312963 0.998732667 -0.050220365 -5.500219090 -0.951624259 0.012281456 0.307018624 88.979388277
0.361587558 0.048224003 0.931090159 52.087428445 -0.005976232 0.998760799 -0.049408011 -5.536324093 -0.932319003 0.012300912 0.361427676 89.185249622
0.418326732 0.048913740 0.906978606 52.532737822 -0.005886512 0.998673948 -0.051143866 -5.563707221 -0.908277542 0.016055906 0.418059941 89.426612782
0.476860197 0.051820830 0.877450257 52.944051316 -0.007252000 0.998458574 -0.055026209 -5.598824028 -0.878949237 0.019876539 0.476500958 89.691602260
0.534440348 0.054722368 0.843432853 53.332971244 -0.008378600 0.998195860 -0.059454382 -5.631363265 -0.845164667 0.024708034 0.533934639 89.990857270
0.591179421 0.058046987 0.804448532 53.684471000 -0.014119332 0.997998762 -0.061636962 -5.671549306 -0.806416479 0.025080227 0.590815915 90.303401012
0.645848780 0.061041604 0.761021206 54.014232359 -0.019791681 0.997802244 -0.063237419 -5.695606497 -0.763208781 0.025779921 0.645637478 90.634594678
0.697309717 0.061297461 0.714144089 54.324177126 -0.022929027 0.997734253 -0.063250461 -5.728051165 -0.716403111 0.027730531 0.697135281 90.990834174
0.744536960 0.059333954 0.664939244 54.601296530 -0.025168082 0.997829106 -0.060857559 -5.757961851 -0.667106651 0.028575457 0.744413971 91.363072938
0.787510274 0.056326714 0.613722144 54.842735707 -0.029210865 0.998106944 -0.054122584 -5.784171459 -0.615608881 0.024694736 0.787664824 91.759197828
0.827170887 0.051105021 0.559621837 55.070451998 -0.031103524 0.998493212 -0.045209256 -5.811548582 -0.561089025 0.019989569 0.827514062 92.175279453
0.861758954 0.049094112 0.504936901 55.267458649 -0.035051271 0.998689947 -0.037280002 -5.830971029 -0.506105636 0.014427696 0.862350814 92.609529863
0.891249668 0.046216932 0.451151886 55.449815118 -0.037350602 0.998894510 -0.028542778 -5.847864579 -0.451972302 0.008587947 0.891990631 93.057750887
0.915208956 0.047062258 0.400222077 55.593001994 -0.042038449 0.998888323 -0.021328096 -5.870303653 -0.400780908 0.002694949 0.916169963 93.488612536
0.933919965 0.048937905 0.354116619 55.718968448 -0.046176251 0.998801131 -0.016249764 -5.889415865 -0.354487309 -0.001175799 0.935060086 93.934795816
0.947788129 0.054829710 0.314151819 55.824074447 -0.053714241 0.998481659 -0.012213013 -5.903356533 -0.314344465 -0.005299078 0.949294199 94.393146185
0.958535756 0.059127649 0.278770740 55.920401648 -0.058046953 0.998240071 -0.012137245 -5.910033435 -0.278997770 -0.004547809 0.960280981 94.854426218
0.966893612 0.061000620 0.247781492 56.015485061 -0.060157701 0.998128506 -0.010978872 -5.916611210 -0.247987488 -0.004290564 0.968753734 95.321741312
0.972624738 0.055448810 0.225669115 56.116305198 -0.054540240 0.998458823 -0.010263553 -5.925990446 -0.225890421 -0.002325462 0.974149942 95.798863658
0.976262207 0.052536137 0.210123909 56.207009678 -0.051789338 0.998616943 -0.009058955 -5.939165944 -0.210309218 -0.002038263 0.977632793 96.279482197
0.978688175 0.056695094 0.197370520 56.290250377 -0.056024646 0.998388969 -0.008983602 -5.947762761 -0.197561876 -0.002265468 0.980287801 96.776847860
0.980271714 0.062112302 0.187641758 56.374029918 -0.061652485 0.998063236 -0.008291427 -5.948561308 -0.187793340 -0.003440730 0.982202537 97.263875969
0.980871516 0.069803909 0.181709888 56.448686355 -0.069235016 0.997555333 -0.009479980 -5.953365179 -0.181927407 -0.003282045 0.983306487 97.778197673
0.981035545 0.075329562 0.178590921 56.530780649 -0.074206899 0.997158551 -0.012967691 -5.963132811 -0.179060314 -0.000530913 0.983837955 98.305358478
0.981076259 0.076708040 0.177778655 56.620824887 -0.075168823 0.997052092 -0.015387471 -5.980889617 -0.178434922 0.001732870 0.983950190 98.836332105
0.980725744 0.075489999 0.180217301 56.722514074 -0.073267379 0.997131948 -0.018967578 -5.998531498 -0.181132291 0.005397943 0.983443926 99.377106290
0.980155978 0.073940774 0.183921236 56.829499005 -0.070422520 0.997188776 -0.025597134 -6.010871919 -0.185296865 0.012136987 0.982607636 99.931977774
0.979373570 0.074216469 0.187934369 56.938219792 -0.069687341 0.997099375 -0.030602466 -6.023709003 -0.189660448 0.016874600 0.981704722 100.491263834
0.978156444 0.078991032 0.192276855 57.043554450 -0.074517154 0.996756232 -0.030400792 -6.041091482 -0.194054543 0.015408807 0.980869718 101.067280911
0.976636512 0.082762265 0.198321787 57.148296041 -0.079095579 0.996518627 -0.026353676 -6.065641022 -0.199812445 0.010051586 0.979782605 101.657215313
0.975783938 0.080334461 0.203450439 57.259260366 -0.077554497 0.996753812 -0.021613361 -6.089870675 -0.204526299 0.005311474 0.978846659 102.213413878
0.975245149 0.076250972 0.207563696 57.394615054 -0.074525847 0.997088622 -0.016130020 -6.109589114 -0.208189329 0.000261864 0.978088511 102.837876912
0.974601945 0.073834950 0.211422440 57.530152226 -0.073030823 0.997261985 -0.011620371 -6.126012047 -0.211701552 -0.004115118 0.977325697 103.465313253
0.974311042 0.069175775 0.214319167 57.673173530 -0.068373552 0.997597335 -0.011163079 -6.138168871 -0.214576444 -0.003777451 0.976699893 104.101558269
0.974512384 0.065606593 0.214525963 57.818133355 -0.064014156 0.997845530 -0.014369625 -6.153149556 -0.215006516 0.000270679 0.976612577 104.742943812
0.974723386 0.064791092 0.213814020 57.960525067 -0.061655361 0.997870003 -0.021309009 -6.170979089 -0.214739231 0.007587608 0.976641946 105.395533322
0.974808214 0.067327612 0.212640396 58.100921439 -0.062840335 0.997636359 -0.027799043 -6.190233231 -0.214009434 0.013736342 0.976735008 106.054821417
0.975223441 0.069993173 0.209857560 58.240530700 -0.064793634 0.997399527 -0.031558961 -6.204018488 -0.211520743 0.017179604 0.977222511 106.737504841
0.975837946 0.068419963 0.207506654 58.386501323 -0.064154788 0.997568583 -0.027222880 -6.222030033 -0.208864707 0.013252574 0.977854746 107.429463985
0.976350604 0.064377295 0.206385710 58.536272266 -0.061691796 0.997906144 -0.019428073 -6.245800547 -0.207204294 0.006236306 0.978277818 108.141068543
0.976771663 0.064906282 0.204216288 58.680948048 -0.063485447 0.997891338 -0.013508376 -6.269524116 -0.204662443 0.000229836 0.978832586 108.863330356
0.976920637 0.068253161 0.202404484 58.820535489 -0.066779570 0.997667998 -0.014108650 -6.289278367 -0.202895436 0.000266547 0.979200373 109.592107594
0.976994837 0.073803524 0.200085304 58.958172108 -0.071489451 0.997264617 -0.018776084 -6.304657370 -0.200923735 0.004040148 0.979598555 110.333496709
0.977777043 0.073694448 0.196268140 59.079827964 -0.070306961 0.997232276 -0.024180948 -6.323193944 -0.197506926 0.009844559 0.980252059 111.070130370
0.978714656 0.072156104 0.192122668 59.223139503 -0.068232766 0.997304868 -0.026968321 -6.345074173 -0.193550801 0.013285230 0.981000301 111.827795500
0.979622796 0.069439932 0.188460269 59.358660589 -0.065859094 0.997510565 -0.025204231 -6.373426364 -0.189741290 0.012278817 0.981757340 112.591052134
0.980420268 0.065534850 0.185691362 59.459471185 -0.062516591 0.997799884 -0.022069594 -6.427880098 -0.186729147 0.010028686 0.982360245 113.281255463
0.980774876 0.064366770 0.184221501 59.592898005 -0.061871499 0.997898134 -0.019267392 -6.451700552 -0.185074472 0.007498913 0.982695887 114.086769714
0.981160706 0.060953132 0.183325897 59.730524439 -0.058822062 0.998122952 -0.017045187 -6.469916219 -0.184020743 0.005940460 0.982904409 114.903820396
0.981491869 0.055723163 0.183217465 59.866651704 -0.053668475 0.998428074 -0.016157839 -6.485269598 -0.183829827 0.006025786 0.982939614 115.724429566
0.981461946 0.056597041 0.183109869 59.998532606 -0.054890491 0.998388842 -0.014378945 -6.508376803 -0.183628656 0.004061396 0.982987295 116.560676484
0.981312454 0.062090336 0.182128133 60.231986502 -0.060198380 0.998059737 -0.015903330 -6.543040625 -0.182762200 0.004642317 0.983146188 117.470125762
0.980795921 0.066726793 0.183267283 60.302651936 -0.064219307 0.997743512 -0.019589914 -6.554597015 -0.184160915 0.007444410 0.982867915 118.203913942
0.979956464 0.074137498 0.184902569 60.348105106 -0.071473607 0.997220551 -0.021040342 -6.579338363 -0.185948520 0.007402965 0.982531600 118.943914327
0.978909080 0.081584970 0.187298976 60.573286679 -0.079082284 0.996650896 -0.020808269 -6.600211451 -0.188369334 0.005557373 0.982082537 119.886785728
0.978190284 0.083538418 0.190171241 60.723041186 -0.081461980 0.996500556 -0.018723979 -6.633099170 -0.191069919 0.002823888 0.981572367 120.725519678
0.977692188 0.083594214 0.192691444 60.872429517 -0.081318873 0.996493403 -0.019701215 -6.660670597 -0.193662660 0.003592273 0.981061603 121.563220840
0.977445721 0.081521414 0.194818176 61.017543391 -0.078655966 0.996649847 -0.022412525 -6.688995920 -0.195992606 0.006583415 0.980583274 122.412636806
0.977719105 0.075203772 0.195984043 61.190197259 -0.072486513 0.997148052 -0.021011133 -6.717335986 -0.197005223 0.006336786 0.980381960 123.251059208
0.978215139 0.068370603 0.196011743 61.372539567 -0.065219205 0.997617376 -0.022495018 -6.750152477 -0.197082718 0.009221237 0.980343496 124.121940278
0.977923697 0.067881693 0.197629243 61.548223806 -0.064684351 0.997649896 -0.022596882 -6.779369938 -0.198698708 0.009314507 0.980016359 125.006303011
0.977416043 0.070475274 0.199226289 61.722317035 -0.067849622 0.997495386 -0.019984569 -6.803745142 -0.200135722 0.006015810 0.979749714 125.875373590
0.976877197 0.071299388 0.201562245 61.832956273 -0.069907360 0.997454884 -0.014025530 -6.835233928 -0.202049257 -0.000389464 0.979375284 126.718872229
0.976333815 0.075094006 0.202813147 61.993135393 -0.074646606 0.997161250 -0.009865370 -6.862979836 -0.202978241 -0.005507419 0.979167760 127.551787392
0.976177545 0.074665261 0.203721621 62.157504261 -0.072868513 0.997208065 -0.016317336 -6.892508952 -0.204371181 0.001083725 0.978892867 128.371423475
0.976645955 0.070519041 0.202952566 62.329180806 -0.065675130 0.997374443 -0.030512251 -6.925884639 -0.204571397 0.016470731 0.978713062 129.176528280
0.977371505 0.064698893 0.201392636 62.512095515 -0.057737496 0.997519806 -0.040256902 -6.923079979 -0.203497720 0.027718043 0.978682986 129.978816108
0.977633786 0.061867606 0.201008905 62.681504177 -0.056750041 0.997903025 -0.031128538 -6.953353947 -0.202513242 0.019025046 0.979094701 130.812755215
0.978043100 0.055867151 0.200774888 62.850114375 -0.054883529 0.998437905 -0.010466568 -6.981557952 -0.201045996 -0.000782479 0.979581490 131.655937260
0.978333745 0.052799714 0.200188097 63.029354755 -0.054840604 0.998484251 0.004659273 -7.014644475 -0.199638654 -0.015536761 0.979746404 132.508970237
0.978187610 0.057686919 0.199552548 63.175336797 -0.058702583 0.998275173 -0.000828250 -7.036055084 -0.199256134 -0.010904066 0.979886776 133.290108470
0.978186229 0.065472587 0.197142185 63.323984142 -0.063402599 0.997846611 -0.016800308 -7.051048710 -0.197817621 0.003934503 0.980230947 134.072417817
0.978521441 0.065651156 0.195411656 63.486786230 -0.062020603 0.997770502 -0.024646929 -7.067042576 -0.196594085 0.011998000 0.980411553 134.864697089
0.979257237 0.061314854 0.193121083 63.652434276 -0.057456061 0.998021697 -0.025524355 -7.090654141 -0.194304053 0.013898932 0.980842880 135.656338881
0.979749454 0.061221535 0.190638221 63.802873116 -0.057761739 0.998050039 -0.023658023 -7.128288103 -0.191714864 0.012167340 0.981375243 136.483231084
0.980525290 0.060485350 0.186846668 63.952173897 -0.056813382 0.998073010 -0.024950066 -7.151670254 -0.187995730 0.013848779 0.982072206 137.307908670
0.981439141 0.060395642 0.182015327 64.092224110 -0.056680736 0.998065428 -0.025547905 -7.209860690 -0.183206188 0.014756951 0.982963746 138.118312629
0.981458469 0.066987836 0.179588151 64.210466925 -0.063201776 0.997642799 -0.026727902 -7.195404654 -0.180955270 0.014882035 0.983378724 138.939065845
0.981397589 0.073269770 0.177455102 64.345192189 -0.069545743 0.997209943 -0.027124154 -7.218765960 -0.178947373 0.014278332 0.983755034 139.750705296
0.981610433 0.074628950 0.175702810 64.479210591 -0.071333644 0.997139018 -0.025005795 -7.251662741 -0.177066284 0.012012427 0.984125618 140.557670253
0.981931029 0.072656115 0.174735636 64.617695273 -0.070216160 0.997328993 -0.020113950 -7.282276340 -0.175730317 0.007481246 0.984409918 141.361408656
0.982319974 0.071002766 0.173222621 64.754897406 -0.068579209 0.997446307 -0.019943818 -7.314292438 -0.174196329 0.007711741 0.984680744 142.159898805
0.982940077 0.069439595 0.170314260 64.887915902 -0.066498468 0.997523247 -0.022919994 -7.341950455 -0.171483989 0.011203343 0.985123204 142.956628826
0.984140824 0.064540875 0.165231094 65.024754001 -0.060981953 0.997786296 -0.026527517 -7.371458287 -0.166577431 0.016030698 0.985898056 143.749130544
0.985393823 0.061607641 0.158756140 65.152011583 -0.057968933 0.997940810 -0.027454379 -7.396506229 -0.160120630 0.017850452 0.986936039 144.544557867
0.986396209 0.060063360 0.153019321 65.260772924 -0.057391093 0.998113182 -0.021825190 -7.426635011 -0.154041495 0.012746339 0.987982160 145.378454679
0.987403182 0.057641806 0.147351211 65.371781666 -0.056306996 0.998326010 -0.013217446 -7.452358985 -0.147866424 0.004754044 0.988995915 146.179934051
0.988071127 0.054793032 0.143920710 65.482834889 -0.054839840 0.998488512 -0.003644716 -7.473706257 -0.143902880 -0.004291350 0.989582511 146.976069151
0.988205337 0.061521507 0.140233077 65.572972812 -0.062031757 0.998073906 -0.000733757 -7.492410606 -0.140008117 -0.007973801 0.990118248 147.765118442
0.988722722 0.064174301 0.135310893 65.665760429 -0.064060055 0.997932483 -0.005202739 -7.507978007 -0.135365018 -0.003523957 0.990789530 148.546039899
0.989754291 0.064252108 0.127507296 65.758412743 -0.062839521 0.997909791 -0.015074601 -7.527656010 -0.128209354 0.006907654 0.991723069 149.322101564
0.990766813 0.060998639 0.121079677 65.846072862 -0.058961995 0.998053067 -0.020336120 -7.542817959 -0.122084418 0.013009254 0.992434458 150.116202171
0.991584858 0.060244244 0.114586651 65.927505641 -0.058447898 0.998110101 -0.018975491 -7.565116250 -0.115513258 0.012118461 0.993232012 150.910686645
0.991980263 0.067109547 0.107104934 65.995583315 -0.065850738 0.997712932 -0.015250751 -7.592001254 -0.107883448 0.008075505 0.994130750 151.722660008
0.992398996 0.072754222 0.099252489 66.048252557 -0.071481262 0.997308313 -0.016326616 -7.617554270 -0.100173163 0.009107824 0.994928332 152.529325500
0.993174680 0.075413423 0.088976802 66.104369886 -0.073763999 0.997039888 -0.021687169 -7.641310835 -0.090348924 0.014975862 0.995797567 153.323009138
0.993997842 0.074018851 0.080557430 66.154598085 -0.072326247 0.997098594 -0.023734111 -7.664528667 -0.082080472 0.017765239 0.996467356 154.128161018
0.994579928 0.074201713 0.072834557 66.197399666 -0.072888280 0.997128745 -0.020532021 -7.689148943 -0.074148942 0.015111950 0.997132671 154.944175534
0.994836767 0.077369333 0.065679468 66.228488226 -0.076673036 0.996970746 -0.013060496 -7.715464273 -0.066490990 0.007957217 0.997755296 155.773495684
0.995028954 0.080979254 0.057963270 66.253599045 -0.080714317 0.996713384 -0.006901332 -7.736759411 -0.058331631 0.002188559 0.998294862 156.593449813
