1.000000000 0.000000000 0.000000000 0.000000000 0.000000000 1.000000000 0.000000000 0.000000000 0.000000000 0.000000000 1.000000000 0.000000000
0.999990649 -0.002656172 -0.003412815 -0.001842545 0.002648593 0.999994021 -0.002223326 -0.004032166 0.003418700 0.002214266 0.999991705 0.676885815
0.999970788 -0.001238378 -0.007542487 -0.013323201 0.001209721 0.999992037 -0.003802869 -0.006367135 0.007547136 0.003793634 0.999964324 1.374386481
0.999932759 -0.001325520 -0.011520477 -0.029630827 0.001265146 0.999985438 -0.005246215 -0.009486328 0.011527264 0.005231287 0.999919875 2.090016681
0.999857123 0.000357922 -0.016899887 -0.043150321 -0.000466397 0.999979314 -0.006415167 -0.006028992 0.016897241 0.006422133 0.999836606 2.834519132
0.999767109 -0.000759950 -0.021567329 -0.059142507 0.000615103 0.999977219 -0.006721862 -0.014909746 0.021571946 0.006707030 0.999744801 3.581607931
0.999655987 0.001176191 -0.026201623 -0.085630578 -0.001383472 0.999967883 -0.007894253 -0.025975729 0.026191496 0.007927786 0.999625508 4.336096499
0.999495681 0.003844750 -0.031521462 -0.113110607 -0.004123094 0.999953042 -0.008770040 -0.032951084 0.031486263 0.008895583 0.999464599 5.115441299
0.999340360 0.004278120 -0.036063030 -0.143932873 -0.004540481 0.999963798 -0.007196323 -0.042253022 0.036030938 0.007355319 0.999323607 5.909425539
0.999163852 0.003476299 -0.040737118 -0.175387602 -0.003661047 0.999983346 -0.004461391 -0.053680959 0.040720930 0.004606801 0.999159939 6.703007943
0.998993714 0.003074018 -0.044744933 -0.208355802 -0.003161293 0.999993236 -0.001879874 -0.062710520 0.044738851 0.002019434 0.998996675 7.521285082
0.998863117 0.004675109 -0.047440672 -0.250404944 -0.004800823 0.999985259 -0.002536329 -0.072392163 0.047428115 0.002761199 0.998870837 8.337063509
0.998580743 0.004047718 -0.053104759 -0.239858788 -0.004213584 0.999986587 -0.003011787 -0.075866204 0.053091856 0.003231274 0.998584405 9.174640910
0.998463861 0.001038532 -0.055397111 -0.278180193 -0.001243989 0.999992475 -0.003674443 -0.082186966 0.055392878 0.003737712 0.998457640 10.011861778
0.998345659 0.000809946 -0.057491639 -0.326652086 -0.000966311 0.999995910 -0.002692051 -0.093060442 0.057489223 0.002743152 0.998342358 10.858337496
0.998298556 -0.000568594 -0.058306689 -0.389577966 0.000412331 0.999996292 -0.002692011 -0.107171339 0.058308004 0.002663389 0.998295088 11.718117842
0.998177074 0.001673348 -0.060330162 -0.445735313 -0.001986149 0.999984894 -0.005125229 -0.116813344 0.060320675 0.005235711 0.998165319 12.581532627
0.998073398 0.002118521 -0.062008100 -0.498293485 -0.002622775 0.999964144 -0.008051798 -0.123755511 0.061988819 0.008198919 0.998043167 13.456215631
0.997952312 0.006290057 -0.063652324 -0.565882653 -0.006940645 0.999925861 -0.010005009 -0.132917230 0.063584673 0.010426310 0.997921982 14.335051168
0.997858754 0.007103761 -0.065018800 -0.626713692 -0.007740157 0.999924525 -0.009541210 -0.149041240 0.064946114 0.010024036 0.997838424 15.228398105
0.997722894 0.005997547 -0.067179283 -0.676912473 -0.006542549 0.999947426 -0.007895574 -0.166551061 0.067128397 0.008317118 0.997709679 16.133558689
0.997602856 0.006577931 -0.068885941 -0.737397809 -0.007011703 0.999957073 -0.006057053 -0.185920955 0.068843141 0.006525541 0.997606154 17.039536222
0.997514938 0.005711819 -0.070223384 -0.797912195 -0.006145491 0.999963348 -0.005961099 -0.199886213 0.070186761 0.006377843 0.997513479 17.952677192
0.997371723 0.005813864 -0.072220805 -0.865202128 -0.006349993 0.999953946 -0.007196088 -0.211116973 0.072175642 0.007635777 0.997362708 18.858675329
0.997260868 0.003734772 -0.073870243 -0.919591882 -0.004328906 0.999959547 -0.007884462 -0.225527330 0.073837808 0.008182643 0.997236693 19.761997895
0.997193003 0.003939604 -0.074770283 -0.988847509 -0.004409206 0.999971573 -0.006116572 -0.239278243 0.074744061 0.006429081 0.997182026 20.687099321
0.997180926 0.005531853 -0.074830475 -1.060115618 -0.005756075 0.999979566 -0.002781060 -0.253599101 0.074813561 0.003203949 0.997192392 21.605541024
0.997242628 0.006560719 -0.073919531 -1.134838657 -0.006503145 0.999978335 0.001019535 -0.266176208 0.073924619 -0.000536014 0.997263688 22.541469986
0.997371959 0.005302779 -0.072256872 -1.209632082 -0.005030562 0.999979550 0.003948810 -0.274222212 0.072276334 -0.003574940 0.997378239 23.494162760
0.997487105 0.005856477 -0.070605779 -1.281503555 -0.005540681 0.999973756 0.004667687 -0.283298441 0.070631262 -0.004264754 0.997493377 24.429814373
0.997564745 0.006518621 -0.069441251 -1.344333406 -0.006413677 0.999977929 0.001734109 -0.294163806 0.069451022 -0.001284512 0.997584536 25.369180705
0.997631423 0.007450017 -0.068381591 -1.422244776 -0.007703715 0.999964385 -0.003447083 -0.296757405 0.068353475 0.003965711 0.997653284 26.315220552
0.997721558 0.006975028 -0.067104700 -1.491033781 -0.007435457 0.999950483 -0.006614046 -0.305996076 0.067055244 0.007097930 0.997724017 27.264521314
0.997787230 0.004682872 -0.066322807 -1.560152975 -0.005069808 0.999971091 -0.005667023 -0.318327906 0.066294352 0.005990727 0.997782126 28.233574591
0.997793941 0.002356456 -0.066345301 -1.631620586 -0.002383533 0.999997105 -0.000328981 -0.332096148 0.066344333 0.000486391 0.997796669 29.205787216
0.997711752 -0.002344494 -0.067570425 -1.691936894 0.002586813 0.999990533 0.003498890 -0.344537750 0.067561582 -0.003665675 0.997708372 30.189994072
0.997606156 -0.009170786 -0.068540902 -1.749706179 0.009388476 0.999951853 0.002854606 -0.359114314 0.068511422 -0.003491267 0.997644223 31.162268040
0.997469093 -0.010040794 -0.070388852 -1.802602862 0.009942139 0.999949041 -0.001751785 -0.366783006 0.070402854 0.001047536 0.997518090 32.118812788
0.997385877 -0.009398361 -0.071645541 -1.881033229 0.009006708 0.999942690 -0.005787645 -0.380400902 0.071695830 0.005127225 0.997413364 33.090087214
0.997235924 -0.008110153 -0.073856192 -1.956955120 0.007642900 0.999948966 -0.006606959 -0.393002466 0.073906007 0.006024221 0.997247016 34.099740163
0.997162064 -0.007916057 -0.074867581 -2.033295856 0.007539810 0.999957494 -0.005306803 -0.408300703 0.074906408 0.004727255 0.997179364 35.101193973
0.997068773 -0.004230967 -0.076393465 -2.106646814 0.004043384 0.999988419 -0.002609984 -0.428936291 0.076403623 0.002293445 0.997074333 36.094276696
0.996965847 -0.003930590 -0.077740920 -2.190977206 0.003830089 0.999991626 -0.001441827 -0.442560344 0.077745936 0.001139698 0.996972553 37.099507093
0.996855625 -0.002756229 -0.079191327 -2.261641734 0.002875595 0.999994895 0.001393303 -0.457035563 0.079187083 -0.001616645 0.996858462 38.122534552
0.996822195 -0.003005681 -0.079601996 -2.335230661 0.003373871 0.999984223 0.004491282 -0.467952811 0.079587241 -0.004745577 0.996816608 39.136472376
0.996780846 0.003006971 -0.080118055 -2.422684046 -0.002478487 0.999974517 0.006694938 -0.474800649 0.080136144 -0.006474814 0.996762898 40.148402204
0.996741118 0.002911665 -0.080614302 -2.503226041 -0.002432682 0.999978805 0.006039230 -0.482654858 0.080630177 -0.005823440 0.996727075 41.148915383
0.996666221 0.003044218 -0.081530217 -2.572015670 -0.002740337 0.999988877 0.003838849 -0.481561967 0.081540997 -0.003602631 0.996663477 42.144436870
0.996668898 0.005162617 -0.081390757 -2.665112851 -0.005056911 0.999986081 0.001504831 -0.488589338 0.081397393 -0.001088232 0.996681133 43.128857130
0.996579176 0.004692869 -0.082510139 -2.748974490 -0.004579615 0.999988294 0.001561803 -0.500263540 0.082516503 -0.001178596 0.996589001 44.118510329
0.996468401 0.002523234 -0.083930682 -2.827712861 -0.002297556 0.999993482 0.002785342 -0.510668735 0.083937163 -0.002582670 0.996467703 45.111240669
0.996318982 0.002394119 -0.085689872 -2.900421031 -0.002052582 0.999989596 0.004073617 -0.522069900 0.085698734 -0.003882736 0.996313531 46.114348826
0.996318009 0.005735215 -0.085542576 -2.992426164 -0.005718879 0.999983552 0.000436025 -0.544081678 0.085543669 0.000054788 0.996334421 47.077410964
0.996236706 0.003854201 -0.086588513 -3.105194236 -0.004222014 0.999982825 -0.004065095 -0.531564022 0.086571358 0.004415375 0.996235868 48.135135002
0.996157938 0.004696013 -0.087448897 -3.190540813 -0.005183979 0.999972232 -0.005353745 -0.545704168 0.087421327 0.005786508 0.996154620 49.109989216
0.996158489 0.003403241 -0.087502476 -3.279186183 -0.003545446 0.999992635 -0.001469788 -0.566206809 0.087496830 0.001774377 0.996163218 50.084005822
0.996123143 0.001470417 -0.087957495 -3.360722889 -0.001322850 0.999997618 0.001735968 -0.582579799 0.087959838 -0.001612884 0.996122716 51.053703346
0.996121569 -0.000283727 -0.087987150 -3.451876602 0.000498981 0.999996937 0.002424437 -0.597775959 0.087986193 -0.002458937 0.996118659 52.015214987
0.996085899 -0.003386741 -0.088325600 -3.533481990 0.003491343 0.999993375 0.001029813 -0.609165273 0.088321528 -0.001334157 0.996091124 52.977415563
0.996028965 -0.006109357 -0.088819917 -3.616888267 0.006121041 0.999981256 -0.000140822 -0.624306491 0.088819112 -0.000403408 0.996047691 53.935487791
0.995907165 -0.007631982 -0.090059268 -3.701016909 0.007759830 0.999969320 0.001069537 -0.636344949 0.090048342 -0.001764004 0.995935833 54.883070630
0.995773900 -0.010635559 -0.091220751 -3.785603580 0.011159892 0.999923998 0.005239800 -0.646985232 0.091158089 -0.006235670 0.995816910 55.849134651
0.995699033 -0.011437061 -0.091938184 -3.870912171 0.012430907 0.999870252 0.010244552 -0.654601395 0.091809088 -0.011343366 0.995712016 56.794423767
0.995668778 -0.009587088 -0.092475798 -3.962643973 0.010800224 0.999861949 0.012626885 -0.662899871 0.092341977 -0.013570954 0.995634867 57.730011766
0.995531904 -0.008580404 -0.094035126 -4.054289410 0.009432420 0.999918360 0.008619887 -0.669158269 0.093953487 -0.009468352 0.995531563 58.665507481
0.995398082 -0.007256634 -0.095551032 -4.144723600 0.007367750 0.999972530 0.000810136 -0.676043607 0.095542529 -0.001510404 0.995424203 59.584378883
0.995323273 -0.005573398 -0.096439201 -4.238082544 0.005198626 0.999977930 -0.004136928 -0.686414518 0.096460129 0.003616229 0.995330280 60.500414438
0.995236005 -0.000696884 -0.097492613 -4.336528902 0.000378393 0.999994532 -0.003285274 -0.700330970 0.097494370 0.003232733 0.995230826 61.411315177
0.995144939 0.002023539 -0.098399474 -4.431616207 -0.002122316 0.999997344 -0.000899176 -0.717522647 0.098397394 0.001103645 0.995146590 62.292086695
0.995009106 0.004164210 -0.099697236 -4.506597901 -0.004040825 0.999990800 0.001439494 -0.735297354 0.099702313 -0.001029450 0.995016778 62.962691234
0.994819389 0.003731919 -0.101589650 -4.580484182 -0.004003944 0.999988924 -0.002473911 -0.624606937 0.101579293 0.002867854 0.994823312 63.993352776
0.994626087 0.003292219 -0.103479994 -4.656378145 -0.003974446 0.999971702 -0.006387340 -0.517958409 0.103456037 0.006764291 0.994611026 65.024294562
0.994468433 0.004280686 -0.104948617 -4.744104020 -0.004907900 0.999971603 -0.005718859 -0.542040827 0.104921157 0.006202302 0.994461202 65.855915326
0.994033540 0.004724300 -0.108972483 -4.716429911 -0.005211151 0.999977672 -0.004183302 -0.589820309 0.108950286 0.004726214 0.994035964 66.602126000
0.994094118 0.004296731 -0.108436265 -4.907779812 -0.004746037 0.999981188 -0.003885763 -0.587092627 0.108417529 0.004377457 0.994095809 67.478608183
0.993992974 0.007548009 -0.109183313 -5.024536231 -0.007915482 0.999964372 -0.002932620 -0.564128651 0.109157287 0.003779243 0.994017306 68.277734377
0.993817572 0.009098234 -0.110651957 -5.115019195 -0.009021986 0.999958593 0.001189761 -0.580351536 0.110658200 -0.000184105 0.993858505 69.067541219
0.993565570 0.012306208 -0.112587811 -5.199990757 -0.012035858 0.999922821 0.003080654 -0.597918633 0.112617033 -0.001705741 0.993637003 69.831721812
0.993369781 0.014946929 -0.113987137 -5.296373343 -0.015184162 0.999883978 -0.001213230 -0.612389421 0.113955778 0.002935985 0.993481485 70.578984009
0.993253505 0.014720815 -0.115025094 -5.393082407 -0.015813906 0.999837999 -0.008596282 -0.627646539 0.114879916 0.010357283 0.993325391 71.295299082
0.993085966 0.013633436 -0.116594998 -5.479563242 -0.015431116 0.999775364 -0.014529364 -0.642514784 0.116370721 0.016228098 0.993073262 72.007301201
0.993042380 0.014472649 -0.116864766 -5.576859683 -0.016444152 0.999737983 -0.015923389 -0.654759373 0.116603692 0.017734342 0.993020177 72.703003625
0.992927659 0.017237205 -0.117462940 -5.671609007 -0.018820982 0.999746131 -0.012387258 -0.674445591 0.117219598 0.014510418 0.993000007 73.379202029
0.992740682 0.017628796 -0.118975478 -5.738429161 -0.018936934 0.999771928 -0.009873377 -0.703695500 0.118774287 0.012054734 0.992848101 74.012338470
0.992666740 0.014405521 -0.120021762 -5.819247650 -0.016099122 0.999783884 -0.013153071 -0.725207695 0.119806347 0.014988861 0.992684126 74.649400665
0.992727447 0.006359182 -0.120215544 -5.879784716 -0.008627105 0.999794323 -0.018354448 -0.746323591 0.120074099 0.019258076 0.992578127 75.269503297
0.992947932 0.002191692 -0.118531013 -5.966082739 -0.004963494 0.999720966 -0.023094464 -0.766398403 0.118447323 0.023519929 0.992681744 75.871785592
0.993356895 0.004662653 -0.114979736 -6.052218171 -0.007396508 0.999699717 -0.023361671 -0.786133576 0.114836282 0.024056925 0.993093094 76.465232949
0.993790149 0.009667520 -0.110849801 -6.129264303 -0.011992750 0.999721417 -0.020328853 -0.806604468 0.110622391 0.021532008 0.993629236 77.038627353
0.994318202 0.008265496 -0.106127258 -6.189025595 -0.010138582 0.999802002 -0.017122061 -0.827840396 0.105964723 0.018100757 0.994205130 77.594975310
0.994937791 0.004663142 -0.100384499 -6.235784245 -0.005988510 0.999898786 -0.012905623 -0.845984152 0.100314158 0.013441446 0.994865015 78.138072832
0.995655118 0.000239416 -0.093117289 -6.255788866 -0.000960249 0.999969921 -0.007696405 -0.895532317 0.093112646 0.007752381 0.995625399 78.661413438
0.996672672 0.003985531 -0.081410696 -6.320924873 -0.004768821 0.999944172 -0.009429291 -0.884209218 0.081368570 0.009786150 0.996636035 79.176092209
0.997756987 0.009228223 -0.066301087 -6.358233021 -0.009909512 0.999901353 -0.009954170 -0.898048278 0.066202687 0.010588854 0.997750009 79.676532522
0.998730929 0.014377878 -0.048268078 -6.380690035 -0.014846749 0.999845882 -0.009369444 -0.910552131 0.048125926 0.010074178 0.998790472 80.166514606
0.999575181 0.012802650 -0.026182996 -6.380397908 -0.013036522 0.999876463 -0.008781090 -0.922739938 0.026067340 0.009118695 0.999618599 80.648219673
0.999956685 0.009307253 0.000062514 -6.361588144 -0.009306497 0.999927115 -0.007691158 -0.937400405 -0.000134093 0.007690243 0.999970421 81.114987912
0.999525413 0.008253638 0.029678709 -6.329103235 -0.008079480 0.999949460 -0.005983259 -0.951786185 -0.029726593 0.005740631 0.999541582 81.571270724
0.997999425 0.007884689 0.062729417 -6.279939899 -0.007625799 0.999961394 -0.004365441 -0.965239807 -0.062761415 0.003878346 0.998021023 82.020610106
0.994928248 0.007895975 0.100276790 -6.211124505 -0.007561053 0.999964497 -0.003719606 -0.976668001 -0.100302600 0.002942543 0.994952627 82.466677477
0.989856868 0.008120957 0.141835930 -6.122899018 -0.007674064 0.999963718 -0.003697493 -0.985391446 -0.141860811 0.002571531 0.989883275 82.901439722
0.982305260 0.007832213 0.187123040 -6.017824506 -0.007300542 0.999967119 -0.003530267 -0.996740089 -0.187144537 0.002101700 0.982330141 83.320144282
0.971594825 0.010058784 0.236436706 -5.895563374 -0.009022755 0.999944369 -0.005463460 -1.009219095 -0.236478508 0.003174959 0.971631532 83.720795742
0.957015093 0.011003484 0.289829320 -5.751646076 -0.009035602 0.999926152 -0.008127073 -1.021871072 -0.289897343 0.005158949 0.957043842 84.106410945
0.938026800 0.011280119 0.346379099 -5.583572729 -0.008295969 0.999914612 -0.010096783 -1.032073076 -0.346463416 0.006597503 0.938040284 84.480476234
0.914717479 0.011793162 0.403921843 -5.391385866 -0.007733971 0.999901883 -0.011679504 -1.041963824 -0.404019949 0.007559527 0.914718937 84.829312905
0.886570263 0.011908165 0.462440660 -5.179154750 -0.006430731 0.999889280 -0.013419130 -1.049669141 -0.462549256 0.008923170 0.886548680 85.162224968
0.853951946 0.010164243 0.520252595 -4.944880298 -0.002799184 0.999884470 -0.014940244 -1.062675829 -0.520344347 0.011301968 0.853881740 85.472852830
0.817725460 0.009639861 0.575527710 -4.695636653 -0.000911045 0.999880178 -0.015453159 -1.077721653 -0.575607716 0.012112110 0.817636260 85.764312282
0.778127146 0.008282837 0.628052179 -4.427205496 0.000540309 0.999903851 -0.013856286 -1.090771411 -0.628106562 0.011121294 0.778047855 86.044741258
0.735613800 0.007953084 0.677354476 -4.139920590 -0.000524334 0.999937462 -0.011171226 -1.101697700 -0.677400962 0.007862548 0.735571966 86.308457286
0.690877200 0.006775921 0.722940372 -3.836378230 0.000824022 0.999948049 -0.010159713 -1.111923015 -0.722971656 0.007614832 0.690835725 86.544488088
0.644428176 0.005705166 0.764643562 -3.517782158 0.004334316 0.999928849 -0.011113565 -1.119523644 -0.764652561 0.010476101 0.644357596 86.762182466
0.597768021 0.003000088 0.801663516 -3.188902749 0.010504738 0.999877829 -0.011574829 -1.128028588 -0.801600302 0.015340328 0.597663476 86.952895272
0.551138151 0.005099720 0.834398425 -2.858539341 0.009055913 0.999885871 -0.012092781 -1.138027682 -0.834364866 0.014221032 0.551029067 87.131669306
0.503983510 0.008058248 0.863675684 -2.521410390 0.005596367 0.999905019 -0.012594959 -1.148040508 -0.863695145 0.011181098 0.503890544 87.297273141
0.458598359 0.010231332 0.888584754 -2.175703870 0.005243909 0.999885151 -0.014219245 -1.157063938 -0.888628182 0.011180580 0.458492037 87.442246740
0.416511355 0.007598395 0.909098760 -1.819863243 0.012777584 0.999817377 -0.014210795 -1.164095271 -0.909040717 0.017535043 0.416338201 87.558589711
0.377371336 -0.000162828 0.926062011 -1.453561368 0.027976858 0.999545546 -0.011224853 -1.169066288 -0.925639330 0.030144243 0.377204394 87.650181855
0.342280902 -0.003893139 0.939589606 -1.088435443 0.032268858 0.999450223 -0.007613978 -1.173756980 -0.939043399 0.032925603 0.342218351 87.743839136
0.309310885 0.000331235 0.950960918 -0.721525476 0.029643769 0.999510602 -0.009990120 -1.182074937 -0.950498829 0.031280119 0.309149690 87.844613182
0.278191744 0.008135087 0.960491111 -0.354456620 0.018681245 0.999729167 -0.013878163 -1.197693512 -0.960343878 0.021803960 0.277964427 87.950713359
0.250075958 0.012610906 0.968144091 0.027444681 0.014160245 0.999760597 -0.016680393 -1.214893229 -0.968122669 0.017880523 0.249837516 88.039321036
0.224443613 0.014335916 0.974381623 0.420506075 0.015590783 0.999710980 -0.018299837 -1.229511415 -0.974362352 0.019298654 0.224155236 88.110689064
0.201046397 0.015655730 0.979456607 0.826904471 0.023041946 0.999520048 -0.020706090 -1.239665260 -0.979310684 0.026731471 0.200589166 88.168988705
0.180906222 0.022008867 0.983254061 1.246474742 0.030274052 0.999151206 -0.027934744 -1.238157480 -0.983034293 0.034820654 0.180086372 88.222896058
0.161230115 0.028831875 0.986495602 1.668937404 0.032382339 0.998880412 -0.034486320 -1.238507141 -0.986385439 0.037505269 0.160115960 88.278037307
0.143613099 0.029741387 0.989186902 2.106600963 0.029860034 0.998962986 -0.034370488 -1.251996890 -0.989183328 0.034473207 0.142576092 88.335878789
0.128079252 0.025383908 0.991439036 2.563561090 0.028030040 0.999180410 -0.029203177 -1.274989609 -0.991367753 0.031530397 0.127262768 88.389404254
0.113529577 0.022056953 0.993289749 3.032987703 0.028263854 0.999277218 -0.025420371 -1.296402722 -0.993132514 0.030960160 0.112824106 88.434989273
0.100375846 0.019469508 0.994759080 3.510771156 0.030561015 0.999276428 -0.022641671 -1.313841458 -0.994480122 0.032673524 0.099708209 88.470641512
0.088630353 0.018492549 0.995892909 4.019081279 0.034348219 0.999176257 -0.021610367 -1.329186081 -0.995472180 0.036122482 0.087922158 88.507710075
0.078663334 0.019150960 0.996717272 4.528019138 0.037527139 0.999049928 -0.022157513 -1.341243615 -0.996194657 0.039146931 0.077869917 88.536480609
0.070797225 0.019934616 0.997291514 5.059298824 0.039549763 0.998958002 -0.022775545 -1.353173529 -0.996706361 0.041055089 0.069935045 88.569264087
0.065176918 0.020249747 0.997668240 5.604058451 0.041102394 0.998891107 -0.022959756 -1.369374464 -0.997026862 0.042502999 0.064272331 88.600496146
0.059531548 0.021219508 0.998000865 6.156491988 0.042246138 0.998824743 -0.023757041 -1.386775433 -0.997332070 0.043575976 0.058565141 88.629081682
0.053649718 0.022057953 0.998316160 6.740083022 0.042703081 0.998790707 -0.024363310 -1.401806824 -0.997646307 0.043938260 0.052642897 88.656996952
0.051440868 0.021142919 0.998452209 7.167230442 0.043858836 0.998763443 -0.023409144 -1.445918310 -0.997712503 0.044995139 0.050449954 88.558510639
0.048442159 0.021073006 0.998603668 7.786891569 0.045257446 0.998704283 -0.023270564 -1.463721040 -0.997800141 0.046321528 0.047425681 88.585604701
0.045340442 0.020626384 0.998758628 8.420751977 0.046127748 0.998677170 -0.022718753 -1.481069025 -0.997906045 0.047100565 0.044329016 88.613944772
0.042865296 0.020034192 0.998879972 9.070694804 0.047788033 0.998613436 -0.022079592 -1.500490541 -0.997937308 0.048680957 0.041848466 88.642341354
0.043198572 0.020250128 0.998861259 9.694123259 0.053616348 0.998306786 -0.022557677 -1.494342341 -0.997626769 0.054529752 0.042039690 88.626883069
0.043038501 0.018991328 0.998892896 10.420532282 0.055820217 0.998211827 -0.021383460 -1.543890111 -0.997512802 0.056678730 0.041901441 88.695924436
0.045705074 0.019084341 0.998772664 11.117520130 0.057436862 0.998113276 -0.021700123 -1.559719007 -0.997302388 0.058358173 0.044522696 88.721157907
0.054482819 0.019090672 0.998332194 11.431675925 0.062042528 0.997820609 -0.022466788 -1.504764281 -0.996585344 0.063163107 0.053179646 88.495673928
0.058975248 0.018608978 0.998085981 12.165883554 0.062552481 0.997792520 -0.022299629 -1.524837497 -0.996297700 0.063747881 0.057681023 88.537209942
0.063041840 0.016908177 0.997867646 12.911836234 0.063944824 0.997733600 -0.020945720 -1.546139546 -0.995960233 0.065128928 0.061817772 88.584026418
0.066890735 0.015570186 0.997638812 13.667909017 0.063426724 0.997789562 -0.019825240 -1.565282334 -0.995742276 0.064603087 0.065755311 88.638345796
0.071076818 0.013324691 0.997381842 14.441945423 0.060410207 0.998017785 -0.017638224 -1.589859150 -0.995639841 0.061505713 0.070130981 88.696969283
0.075339404 0.012343028 0.997081553 15.241790389 0.059566058 0.998082037 -0.016856219 -1.608807438 -0.995377245 0.060662155 0.074459681 88.761443101
0.079687631 0.013340165 0.996730616 16.044981292 0.056932410 0.998217346 -0.017911754 -1.629085997 -0.995192736 0.058173621 0.078786087 88.824220241
0.083380130 0.017626473 0.996361913 16.849113669 0.054473246 0.998267996 -0.022218764 -1.654840748 -0.995027849 0.056127671 0.082275545 88.881798637
0.085270668 0.023393136 0.996083166 17.673764317 0.048170156 0.998458507 -0.027572574 -1.679325824 -0.995192720 0.050332613 0.084012373 88.944116413
0.084149697 0.026657600 0.996096482 18.463813819 0.045672779 0.998488287 -0.030580022 -1.705246615 -0.995405860 0.048067794 0.082804960 89.043382061
0.084227517 0.026206063 0.996101886 19.288155341 0.042824507 0.998635279 -0.029893830 -1.741760707 -0.995525885 0.045175455 0.082990308 89.120220770
0.084276646 0.024322289 0.996145508 20.092499160 0.039868134 0.998819245 -0.027760526 -1.779294812 -0.995644504 0.042054027 0.083207451 89.192592012
0.084252146 0.023167975 0.996175095 20.895365895 0.040618648 0.998818859 -0.026664809 -1.812097234 -0.995616242 0.042709853 0.083211580 89.255041047
0.084788031 0.022230866 0.996150982 21.696320244 0.038137841 0.998946067 -0.025539370 -1.848763004 -0.995668868 0.040156481 0.083850833 89.326302333
0.084687226 0.022662055 0.996149841 22.497788148 0.036029110 0.999017900 -0.025790300 -1.883751233 -0.995755983 0.038074501 0.083787561 89.401026558
0.086154058 0.023170694 0.996012348 23.287092372 0.032429403 0.999134532 -0.026048437 -1.919949059 -0.995753891 0.034544264 0.085328083 89.422456257
0.084773765 0.024807577 0.996091358 24.096120286 0.029424506 0.999191694 -0.027389005 -1.951583235 -0.995965666 0.031631366 0.083975291 89.501414570
0.081692332 0.024476853 0.996356987 24.900340482 0.026182013 0.999300672 -0.026695859 -1.984727236 -0.996313638 0.028267478 0.080994349 89.575361190
0.077927926 0.022663937 0.996701352 25.705337821 0.023303121 0.999427019 -0.024547890 -2.024636700 -0.996686612 0.025139218 0.077355135 89.640053495
0.072963877 0.020239186 0.997129203 26.516569399 0.021277487 0.999534925 -0.021844973 -2.056034036 -0.997107588 0.022810298 0.072499304 89.706423047
0.066586848 0.018235817 0.997613977 27.331464744 0.018822408 0.999632099 -0.019529030 -2.086923657 -0.997603082 0.020077874 0.066219109 89.771119406
0.058987800 0.018184441 0.998093065 28.122571146 0.017984730 0.999652437 -0.019275758 -2.120445707 -0.998096683 0.019087469 0.058640256 89.815249352
0.050935204 0.019224464 0.998516913 28.888372168 0.019038233 0.999614340 -0.020216750 -2.149446209 -0.998520481 0.020039742 0.050549561 89.847206923
0.040882638 0.019858891 0.998966583 29.696599566 0.019157122 0.999603098 -0.020655549 -2.173363052 -0.998980287 0.019981778 0.040485973 89.883540528
0.030351168 0.018373708 0.999370409 30.501285378 0.020584138 0.999607509 -0.019003213 -2.202916775 -0.999327324 0.021147948 0.029961048 89.909307619
0.020218844 0.017416078 0.999643876 31.298529653 0.019627956 0.999648656 -0.017813158 -2.230275285 -0.999602892 0.019981127 0.019869898 89.920259550
0.009198304 0.016429982 0.999822708 32.091007234 0.020920340 0.999643002 -0.016619495 -2.256327166 -0.999738831 0.021069503 0.008851299 89.925320418
-0.001871167 0.016718734 0.999858481 32.884200579 0.021335569 0.999633301 -0.016675041 -2.282149653 -0.999770620 0.021301347 -0.002227184 89.925093356
-0.012934107 0.017652674 0.999760517 33.657503976 0.021459465 0.999618770 -0.017372546 -2.306677767 -0.999686051 0.021229627 -0.013307993 89.914642212
-0.023683270 0.018837934 0.999542013 34.435640424 0.021042339 0.999610345 -0.018340642 -2.331710242 -0.999498035 0.020598335 -0.024070436 89.897624624
-0.033861319 0.020113522 0.999224128 35.184660219 0.021687507 0.999576834 -0.019385683 -2.354418558 -0.999191204 0.021014256 -0.034283202 89.871873242
-0.042714136 0.020923752 0.998868209 35.928153458 0.023610193 0.999522606 -0.019927828 -2.380725509 -0.998808321 0.022732271 -0.043187759 89.827545370
-0.052146310 0.021386813 0.998410420 36.671964080 0.024475053 0.999497715 -0.020131789 -2.408093736 -0.998339488 0.023386349 -0.052643561 89.782940520
-0.061363031 0.021909149 0.997875026 37.421464661 0.025291245 0.999472182 -0.020388964 -2.431480130 -0.997795035 0.023986374 -0.061884752 89.739330790
-0.069908695 0.021336111 0.997325195 38.160675305 0.026123721 0.999467518 -0.019550769 -2.456522852 -0.997211274 0.024687077 -0.070428848 89.690335064
-0.077403256 0.020154591 0.996796132 38.894856569 0.027997600 0.999445299 -0.018034084 -2.481688242 -0.996606678 0.026512002 -0.077924601 89.631718410
-0.082372007 0.018345070 0.996432793 39.620557889 0.031152353 0.999389376 -0.015824235 -2.507517010 -0.996114644 0.029737752 -0.082893201 89.563601487
-0.086249062 0.016685651 0.996133871 40.343795659 0.034209400 0.999319724 -0.013777035 -2.529663624 -0.995686103 0.032888886 -0.086761195 89.497273665
-0.088822636 0.015492205 0.995926971 41.051395191 0.036035612 0.999274435 -0.012330408 -2.551000991 -0.995395386 0.034793619 -0.089316460 89.430369007
-0.090459136 0.014523299 0.995794265 41.745627437 0.036423387 0.999272951 -0.011265291 -2.572626679 -0.995233883 0.035251151 -0.090922356 89.364593588
-0.091001251 0.014608738 0.995743620 42.420374216 0.037163119 0.999245731 -0.011263772 -2.598630061 -0.995157111 0.035979921 -0.091475517 89.292900157
-0.090766954 0.016328235 0.995738293 43.153115435 0.038415677 0.999178797 -0.012882855 -2.603795013 -0.995130944 0.037082623 -0.091319676 89.263931961
-0.087685783 0.017975425 0.995985988 43.798669724 0.039304135 0.999121039 -0.014571703 -2.622458061 -0.995372487 0.037868637 -0.088315219 89.206812074
-0.082429863 0.018519969 0.996424773 44.409424116 0.039532698 0.999101144 -0.015299345 -2.643546315 -0.995812474 0.038130236 -0.083087915 89.160027970
-0.074376068 0.019166884 0.997046053 45.025807748 0.038555392 0.999123010 -0.016330717 -2.663381626 -0.996484662 0.037226887 -0.075049828 89.120611845
-0.063193440 0.018737567 0.997825382 45.590486132 0.036860774 0.999185359 -0.016428670 -2.691571958 -0.997320346 0.035742432 -0.063832641 89.093281503
-0.049351337 0.019382543 0.998593392 46.157201793 0.036094789 0.999193195 -0.017610350 -2.708530201 -0.998129056 0.035174924 -0.050011129 89.075003089
-0.031875605 0.021196755 0.999267053 46.716930738 0.035706244 0.999161068 -0.020055514 -2.722282707 -0.998853848 0.035040792 -0.032605720 89.066435115
-0.010586705 0.023937091 0.999657410 47.248073742 0.034007402 0.999143736 -0.023564641 -2.742467323 -0.999365508 0.033746279 -0.011391678 89.075561325
0.014136574 0.027129280 0.999531970 47.772631559 0.032280188 0.999098424 -0.027574057 -2.760620070 -0.999378880 0.032654882 0.013248090 89.100628997
0.042624739 0.029077760 0.998667921 48.301722785 0.030213141 0.999081709 -0.030379354 -2.784082350 -0.998634216 0.031467807 0.041707066 89.140005048
0.075877011 0.028475361 0.996710506 48.823737058 0.027858387 0.999141397 -0.030665598 -2.806183547 -0.996727942 0.030093561 0.075018585 89.199122197
0.113887434 0.025817059 0.993158161 49.336708437 0.026457913 0.999228935 -0.029008850 -2.830246372 -0.993141295 0.029580636 0.113116554 89.279907578
0.156668021 0.021751171 0.987411777 49.826966046 0.023845899 0.999382718 -0.025798390 -2.858553245 -0.987363410 0.027587504 0.156052637 89.371706500
0.202274322 0.017391846 0.979174460 50.327591045 0.020940024 0.999536904 -0.022079233 -2.880809238 -0.979105007 0.024969999 0.201816464 89.494244728
0.250981789 0.014042999 0.967889940 50.805437965 0.015966885 0.999698669 -0.018644852 -2.904116722 -0.967860114 0.020133705 0.250681938 89.639086958
0.303118763 0.012318323 0.952873168 51.266072609 0.012010277 0.999787650 -0.016745405 -2.927045301 -0.952877100 0.016520117 0.302906449 89.804255153
0.358865442 0.011927255 0.933313096 51.722253675 0.011040897 0.999794151 -0.017022151 -2.943988833 -0.933324002 0.016413275 0.358659883 89.996126735
0.418700420 0.012809119 0.908034077 52.168841843 0.013221714 0.999708552 -0.020198937 -2.955560731 -0.908028163 0.020463070 0.418409032 90.201016581
0.478779994 0.016708305 0.877775911 52.585357797 0.013656964 0.999556169 -0.026475516 -2.967385983 -0.877828688 0.024663701 0.478339311 90.450946586
0.537854717 0.019855832 0.842803684 52.979041617 0.014542972 0.999355303 -0.032825008 -2.984631698 -0.842912099 0.029911956 0.537219200 90.731087318
0.595373318 0.024607760 0.803072270 53.355826237 0.009737747 0.999236443 -0.037837897 -2.995708238 -0.803390184 0.030347789 0.594679093 91.045068307
0.650091106 0.028553327 0.759319604 53.700975753 0.004807596 0.999119164 -0.041686730 -3.002994017 -0.759841063 0.030750674 0.649381209 91.383611029
0.701822752 0.030209536 0.711710762 54.023090606 0.002145724 0.999006185 -0.044520096 -3.013824270 -0.712348385 0.032772351 0.701060448 91.741657659
0.749442546 0.027756358 0.661487306 54.309730953 0.001469707 0.999048609 -0.043585737 -3.040131638 -0.662067754 0.033637199 0.748688739 92.114355866
0.792930049 0.024516971 0.608819231 54.561146358 -0.001386490 0.999260174 -0.038434139 -3.062850447 -0.609311099 0.029631462 0.792377411 92.507937385
0.832373756 0.019321462 0.553877795 54.788092824 -0.002250104 0.999501688 -0.031485117 -3.085340824 -0.554210129 0.024961103 0.832002450 92.921397430
0.866945468 0.017263465 0.498103933 54.987892316 -0.005357114 0.999664974 -0.025322739 -3.100550767 -0.498374213 0.019285035 0.866747501 93.352729937
0.896217856 0.013925951 0.443395561 55.165623719 -0.006526349 0.999812880 -0.018210184 -3.115599972 -0.443566187 0.013426538 0.896141041 93.795944391
0.919867834 0.014956835 0.391943187 55.304867408 -0.010821841 0.999860062 -0.012757152 -3.135271595 -0.392079146 0.007493347 0.919900969 94.230884337
0.938298568 0.016974222 0.345409428 55.428219528 -0.014717517 0.999849778 -0.009155070 -3.152397613 -0.345512940 0.003506620 0.938407434 94.679550413
0.952040854 0.022885575 0.305113853 55.530072726 -0.022002315 0.999737857 -0.006333613 -3.165834626 -0.305178818 -0.000683353 0.952294819 95.139277226
0.962602394 0.027199593 0.269549277 55.622989922 -0.026168190 0.999630019 -0.007419671 -3.171914364 -0.269651361 0.000088576 0.962958013 95.601020667
0.970748395 0.029045487 0.238335715 55.715345800 -0.028107921 0.999578003 -0.007332141 -3.176667559 -0.238448104 0.000418543 0.971155151 96.074198668
0.976086996 0.023492883 0.216107058 55.813489031 -0.022417444 0.999721113 -0.007426669 -3.183459164 -0.216221262 0.002404507 0.976341428 96.553659928
0.979520834 0.020278971 0.200318995 55.905738689 -0.019317157 0.999790586 -0.006755059 -3.195107310 -0.200414031 0.002747127 0.979707441 97.043627486
0.981983271 0.024509465 0.187371668 55.986153805 -0.023579050 0.999696098 -0.007193105 -3.202132920 -0.187491024 0.002645463 0.982262754 97.543041873
0.983642101 0.029843449 0.177644549 56.062196578 -0.029077775 0.999553249 -0.006912639 -3.204249273 -0.177771483 0.001634054 0.984070439 98.051788474
0.984510221 0.037005662 0.171377378 56.136876413 -0.036082205 0.999312665 -0.008501278 -3.202958748 -0.171574180 0.002185921 0.985168779 98.578875438
0.984720750 0.042807522 0.168797396 56.207793899 -0.041373385 0.999071621 -0.012005814 -3.214491894 -0.169154628 0.004838654 0.985577648 99.110038450
0.984817344 0.044047470 0.167912532 56.296021061 -0.042195706 0.999002948 -0.014581936 -3.229544412 -0.168387412 0.007275356 0.985694044 99.646601888
0.984449182 0.042568577 0.170433930 56.393756969 -0.040043986 0.999031703 -0.018224592 -3.243486467 -0.171044694 0.011116330 0.985200558 100.189989947
0.983852669 0.040628318 0.174307962 56.498552378 -0.036836173 0.999010129 -0.024937097 -3.251991557 -0.175148572 0.018113592 0.984375373 100.748581978
0.983098480 0.040717978 0.178492086 56.601203818 -0.035948800 0.998907018 -0.029873951 -3.263285708 -0.179513404 0.022952460 0.983487734 101.314967070
0.982072311 0.045615962 0.182902053 56.698712794 -0.040910535 0.998729600 -0.029419615 -3.281770716 -0.184011698 0.021409568 0.982690859 101.889811925
0.980767060 0.049250048 0.188866106 56.798814381 -0.045311958 0.998657122 -0.025115333 -3.305005416 -0.189849413 0.016074398 0.981681626 102.482862130
0.979955461 0.046522961 0.193708310 56.919017947 -0.043377341 0.998849415 -0.020451211 -3.326095409 -0.194436883 0.011638725 0.980845981 103.089897887
0.979345148 0.042433046 0.197692987 57.047118154 -0.040317578 0.999078551 -0.014715352 -3.345388384 -0.198135240 0.006440906 0.980153530 103.707886198
0.978649902 0.040125744 0.201579497 57.174802098 -0.038908792 0.999192753 -0.009997380 -3.362826130 -0.201817924 0.001940720 0.979421135 104.344257570
0.978151973 0.035746977 0.204794707 57.307389852 -0.034573342 0.999358824 -0.009307243 -3.375465229 -0.204996104 0.002023460 0.978760698 104.986721020
0.978168376 0.032234893 0.205298659 57.444763470 -0.030298255 0.999461852 -0.012570716 -3.388603554 -0.205593393 0.006076085 0.978618638 105.631637225
0.978316988 0.031374006 0.204723088 57.582749794 -0.027960816 0.999417934 -0.019544462 -3.405684799 -0.205217113 0.013396454 0.978624786 106.285623790
0.978459684 0.033393789 0.203719174 57.717008518 -0.028644010 0.999245722 -0.026220365 -3.421823159 -0.204441110 0.019820235 0.978678185 106.948757751
0.978911823 0.036192146 0.201051662 57.850001161 -0.030748557 0.999072808 -0.030133861 -3.435954084 -0.201955858 0.023316345 0.979117041 107.631064867
0.979488992 0.034660525 0.198494239 57.989532487 -0.030137089 0.999213636 -0.025765599 -3.455116173 -0.199231200 0.019255082 0.979763324 108.328844916
0.979921818 0.030660634 0.197010550 58.134159421 -0.027658087 0.999455824 -0.017974605 -3.477545029 -0.197454454 0.012164773 0.980236582 109.041024852
0.980393662 0.031207651 0.194561945 58.273487087 -0.029402729 0.999493696 -0.012158602 -3.500230564 -0.194842879 0.006199564 0.980814874 109.764873800
0.980663399 0.034465074 0.192643338 58.407447826 -0.032597887 0.999385880 -0.012854600 -3.519335884 -0.192968067 0.006326270 0.981184643 110.494101986
0.980905881 0.039891833 0.190347823 58.539130660 -0.037224063 0.999152444 -0.017571621 -3.535202755 -0.190887457 0.010150587 0.981559445 111.227690366
0.981642995 0.040528041 0.186371962 58.676077666 -0.036880453 0.999055001 -0.022998649 -3.549390137 -0.187127931 0.015702981 0.982210035 111.971477882
0.982498126 0.039002768 0.182143396 58.815163892 -0.034869155 0.999057696 -0.025843023 -3.570598971 -0.182979711 0.019039535 0.982932308 112.735246611
0.983298914 0.036793113 0.178240041 58.954171581 -0.032966373 0.999158943 -0.024384921 -3.593360974 -0.178987328 0.018101739 0.983684839 113.519000699
0.984007273 0.032921664 0.175059565 59.083938028 -0.029511926 0.999321279 -0.022046034 -3.621413306 -0.175666540 0.016527112 0.984310988 114.304018770
0.984418803 0.031381417 0.173016843 59.193587361 -0.028617578 0.999420214 -0.018446419 -3.689989619 -0.173495405 0.013207679 0.984746110 114.869200396
0.984811440 0.027866805 0.171376395 59.336577418 -0.025515760 0.999547863 -0.015906468 -3.712353270 -0.171742172 0.011292073 0.985077213 115.675212228
0.984999726 0.022502486 0.171082373 59.473444885 -0.020256765 0.999684356 -0.014861117 -3.729207684 -0.171362784 0.011172621 0.985144644 116.486323586
0.985096090 0.023090726 0.170447971 59.604162215 -0.021095242 0.999686195 -0.013509341 -3.745491495 -0.170706424 0.009712358 0.985274067 117.320913845
0.985011107 0.028136834 0.170180601 59.760544571 -0.025918379 0.999547828 -0.015243920 -3.769346748 -0.170532566 0.010604625 0.985294974 118.135761868
0.984682697 0.034672309 0.170873691 59.890609361 -0.032081394 0.999324931 -0.017901581 -3.808111348 -0.171379028 0.012145511 0.985130304 118.888436522
0.984313361 0.041207432 0.171549276 60.021026502 -0.038240796 0.999056948 -0.020563448 -3.848905954 -0.172234864 0.013680696 0.984960908 119.640942899
0.983527039 0.047086128 0.174520660 60.151395832 -0.044285875 0.998820535 -0.019907301 -3.873414276 -0.175252176 0.011850569 0.984452253 120.488301855
0.982844592 0.049579612 0.177646759 60.288716092 -0.047163084 0.998728545 -0.017802697 -3.900272254 -0.178303540 0.009118915 0.983933277 121.334019218
0.982286810 0.050398850 0.180478750 60.429769793 -0.047796506 0.998681249 -0.018741870 -3.926384590 -0.181185312 0.009783638 0.983400307 122.189609930
0.982054136 0.048824066 0.182169932 60.588165097 -0.045593758 0.998720398 -0.021880951 -3.946629920 -0.183005144 0.013182467 0.983023570 122.997476041
0.981720267 0.015185577 0.189722731 60.420453761 -0.012943137 0.999831032 -0.013053108 -4.158088299 -0.189888893 0.010358893 0.981750937 123.359302474
0.981795554 0.031987356 0.187227934 60.653423759 -0.028544031 0.999370682 -0.021058945 -4.025430017 -0.187783728 0.015331339 0.982090740 124.322901779
0.981542979 0.031359359 0.188653044 60.812547087 -0.027913943 0.999391959 -0.020893154 -4.056549735 -0.189193531 0.015241479 0.981821524 125.171587205
0.981096958 0.034178610 0.190474620 60.965673656 -0.031304114 0.999346358 -0.018080616 -4.081202078 -0.190968089 0.011776198 0.981525603 126.031227453
0.980732909 0.036556355 0.191902564 61.118307338 -0.034824414 0.999316624 -0.012391312 -4.103947719 -0.192224404 0.005469673 0.981335754 126.889361279
0.980449707 0.039965867 0.192668372 61.281296294 -0.039152179 0.999200991 -0.008030332 -4.131714834 -0.192835368 0.000329950 0.981231070 127.758252080
0.980202215 0.039337537 0.194051993 61.435350134 -0.037253914 0.999202413 -0.014376523 -4.159672682 -0.194462757 0.006862704 0.980885895 128.602348749
0.980425417 0.034589954 0.193828629 61.597216576 -0.029574911 0.999150207 -0.028708688 -4.188331407 -0.194656947 0.022414263 0.980615253 129.424680625
0.980675547 0.032022820 0.193002620 61.764123110 -0.025218604 0.998974253 -0.037609357 -4.218766641 -0.194009006 0.032015320 0.980477193 130.246201643
0.980916795 0.029180754 0.192225714 61.926941713 -0.024192027 0.999308128 -0.028249077 -4.247203911 -0.192917048 0.023059664 0.980944068 131.084920896
0.981222963 0.023257305 0.191469567 62.086042074 -0.022219056 0.999724481 -0.007568038 -4.273536978 -0.191592825 0.003171660 0.981469373 131.939293197
0.981477896 0.020481022 0.190477471 62.247097661 -0.022339522 0.999721442 0.007614706 -4.303010616 -0.190268455 -0.011728842 0.981662034 132.783450864
0.981535989 0.024898298 0.189650143 62.395544389 -0.025765042 0.999665809 0.002105659 -4.320997762 -0.189534337 -0.006953124 0.981849474 133.604029265
0.981547201 0.033271292 0.188303249 62.516575667 -0.031040710 0.999408793 -0.014783067 -4.318653498 -0.188683774 0.008665211 0.981999668 134.459842052
0.982011909 0.032847276 0.185939953 62.695170556 -0.029248323 0.999328580 -0.022066370 -4.348234812 -0.186539929 0.016231006 0.982313295 135.205870412
0.982651342 0.031680855 0.182736598 62.887333090 -0.026800548 0.999216706 -0.029115376 -4.202293088 -0.183515862 0.023712823 0.982730701 135.922454253
0.983158719 0.031577069 0.180005063 63.031460221 -0.027111017 0.999261822 -0.027217716 -4.244157512 -0.180731643 0.021879215 0.983289059 136.741362813
0.983832907 0.031242247 0.176342660 63.169670172 -0.026635772 0.999240854 -0.028429769 -4.274908498 -0.177097000 0.023273119 0.983918195 137.565429253
0.984758143 0.032512545 0.170863499 63.314580547 -0.027662775 0.999146112 -0.030689056 -4.296102973 -0.171715380 0.025494739 0.984816656 138.349369717
0.985137801 0.037656949 0.167587193 63.442910582 -0.032999610 0.998990178 -0.030490149 -4.336243666 -0.168566126 0.024506687 0.985385652 139.160766247
0.985250321 0.043802233 0.165418165 63.560467305 -0.039178287 0.998747680 -0.031114834 -4.364162156 -0.166573908 0.024175100 0.985732569 139.977417835
0.985463792 0.045336669 0.163724468 63.686072695 -0.041152481 0.998735989 -0.028859969 -4.402797610 -0.164825934 0.021702787 0.986083871 140.791634442
0.986199204 0.043335879 0.159790898 63.858196793 -0.039972807 0.998907603 -0.024202807 -4.426167364 -0.160665193 0.017481498 0.986854140 141.567378483
0.986393946 0.041660442 0.159032674 63.962826782 -0.038420533 0.998987767 -0.023394509 -4.478531402 -0.159846322 0.016966082 0.986996102 142.377922978
0.986942601 0.039790920 0.156080061 64.087944035 -0.036101392 0.998999265 -0.026403744 -4.510349298 -0.156974496 0.020424272 0.987391440 143.178160913
0.987977389 0.034936890 0.150599114 64.217634633 -0.030735993 0.999073213 -0.030133276 -4.543521759 -0.151512304 0.025142182 0.988135564 143.973438403
0.989254688 0.031878278 0.142684752 64.352238712 -0.027703016 0.999130603 -0.031154164 -4.573505930 -0.143553844 0.026866604 0.989277757 144.763003555
0.990236741 0.030192452 0.136086783 64.457627430 -0.026930871 0.999305721 -0.025744985 -4.604417616 -0.136769605 0.021828695 0.990362349 145.563281505
0.991157877 0.027838146 0.129734732 64.563137333 -0.025809750 0.999517332 -0.017290458 -4.634833056 -0.130153447 0.013789153 0.991397972 146.367627132
0.991718712 0.024999159 0.125972373 64.661877116 -0.024195080 0.999675969 -0.007909235 -4.656518501 -0.126129278 0.004795825 0.992002220 147.183273481
0.992003387 0.031875952 0.122119633 64.739040666 -0.031492215 0.999491130 -0.005071646 -4.680400787 -0.122219154 0.001185272 0.992502430 147.991655648
0.992531829 0.034558139 0.116988475 64.828891438 -0.033687465 0.999388096 -0.009412142 -4.705837999 -0.117242155 0.005400805 0.993088671 148.795752856
0.993419133 0.034659398 0.109165711 64.912818093 -0.032693566 0.999270327 -0.019746987 -4.724340420 -0.109770475 0.016048018 0.993827402 149.574562216
0.994251420 0.031277797 0.102400260 64.991975948 -0.028830450 0.999264249 -0.025293579 -4.741943463 -0.103116047 0.022195931 0.994421652 150.357678437
0.994953014 0.030426339 0.095617668 65.062962541 -0.028265662 0.999315376 -0.023871134 -4.771215088 -0.096278517 0.021047960 0.995131866 151.171546096
0.995418185 0.037381316 0.088007243 65.116650939 -0.035697139 0.999149614 -0.020634051 -4.798967031 -0.088703731 0.017397902 0.995906101 151.982174036
0.995890967 0.042922305 0.079742448 65.163629705 -0.041292349 0.998905338 -0.021978791 -4.828299271 -0.080598537 0.018595727 0.996573166 152.791740787
0.996534784 0.045583786 0.069574008 65.211183540 -0.043751660 0.998660159 -0.027634739 -4.857787276 -0.070740486 0.024495000 0.997193952 153.593557943
0.997179156 0.044084175 0.060747975 65.257810952 -0.042321567 0.998653443 -0.030003110 -4.884763244 -0.061988836 0.027347527 0.997702108 154.411670344
0.997632730 0.044327244 0.052574064 65.291103502 -0.042950365 0.998711310 -0.027036725 -4.914701707 -0.053704776 0.024714646 0.998250962 155.241590674
0.997873439 0.047476838 0.044660375 65.313930556 -0.046633979 0.998717187 -0.019729466 -4.946484183 -0.045539777 0.017604819 0.998807388 156.067511059
0.998005659 0.051433980 0.036595766 65.325957686 -0.050962265 0.998606490 -0.013708632 -4.973928909 -0.037249859 0.011816289 0.999236120 156.894209470
