1.000000000 0.000000000 0.000000000 0.000000000 0.000000000 1.000000000 0.000000000 0.000000000 0.000000000 0.000000000 1.000000000 0.000000000
0.999990644 -0.002661227 -0.003410300 -0.002143593 0.002653616 0.999993983 -0.002234326 -0.003967419 0.003416226 0.002225255 0.999991689 0.677243109
0.999970861 -0.001267605 -0.007528035 -0.014412530 0.001238815 0.999991907 -0.003827744 -0.006340802 0.007532826 0.003818306 0.999964338 1.372402238
0.999931680 -0.001336632 -0.011612430 -0.028135882 0.001274761 0.999984963 -0.005333700 -0.008630652 0.011619385 0.005318533 0.999918348 2.091222330
0.999860019 0.000331119 -0.016728189 -0.046465888 -0.000436987 0.999979899 -0.006325447 -0.008536469 0.016725758 0.006331872 0.999840065 2.829805799
0.999770597 -0.000762817 -0.021404929 -0.062165644 0.000621294 0.999977910 -0.006617598 -0.017731187 0.021409504 0.006602781 0.999748987 3.575039301
0.999656956 0.001160233 -0.026165333 -0.086730246 -0.001365176 0.999968522 -0.007816126 -0.028130670 0.026155441 0.007849165 0.999627072 4.330819651
0.999506393 0.003823213 -0.031182592 -0.118831644 -0.004094727 0.999954221 -0.008648032 -0.034811377 0.031148102 0.008771447 0.999476292 5.109772108
0.999352416 0.004246596 -0.035731153 -0.149379331 -0.004502370 0.999964794 -0.007080859 -0.043918195 0.035699826 0.007237148 0.999336353 5.904265159
0.999124674 0.003431574 -0.041690649 -0.158339185 -0.003622724 0.999983267 -0.004510269 -0.052620410 0.041674474 0.004657355 0.999120387 6.714596428
0.998951372 0.003080477 -0.045680042 -0.191407935 -0.003170807 0.999993158 -0.001905109 -0.062726246 0.045673861 0.002047954 0.998954305 7.533732257
0.998789455 0.004684264 -0.048966137 -0.228555420 -0.004813834 0.999985217 -0.002528532 -0.073239236 0.048953569 0.002761186 0.998797239 8.363819359
0.998688294 0.004050259 -0.051042006 -0.271601475 -0.004186225 0.999987968 -0.002557167 -0.082087056 0.051031035 0.002767486 0.998693233 9.197460648
0.998571922 0.001037462 -0.053413851 -0.306880315 -0.001212369 0.999994009 -0.003242263 -0.087864318 0.053410168 0.003302390 0.998567198 10.035664636
0.998455211 0.000785719 -0.055556954 -0.352707845 -0.000911196 0.999997091 -0.002233231 -0.098560101 0.055555037 0.002280405 0.998453022 10.882559321
0.998412496 -0.000532278 -0.056322320 -0.413810118 0.000407476 0.999997436 -0.002227325 -0.114462272 0.056323362 0.002200839 0.998410154 11.742349764
0.998294384 0.001710790 -0.058355776 -0.468524703 -0.001987217 0.999987078 -0.004679208 -0.123597063 0.058347016 0.004787192 0.998284883 12.604711778
0.998231538 0.002206989 -0.059404757 -0.529840351 -0.002663691 0.999967497 -0.007609883 -0.129859331 0.059386032 0.007754661 0.998204971 13.476665481
0.998068389 0.006090235 -0.061825564 -0.582417709 -0.006669976 0.999935663 -0.009175005 -0.142595532 0.061765708 0.009569657 0.998044798 14.355753240
0.997978202 0.006930616 -0.063178123 -0.641971496 -0.007492505 0.999934421 -0.008661139 -0.158858818 0.063113953 0.009116991 0.997964683 15.245952993
0.997840871 0.005891776 -0.065413165 -0.672368679 -0.006391213 0.999951984 -0.007428477 -0.169903544 0.065366257 0.007830507 0.997830615 16.113480537
0.997727192 0.006377195 -0.067080406 -0.732362063 -0.006768369 0.999961382 -0.005605772 -0.188130716 0.067042066 0.006047056 0.997731825 17.019231136
0.997636043 0.005675477 -0.068484408 -0.791021469 -0.006057121 0.999967256 -0.005366355 -0.200892707 0.068451709 0.005768487 0.997637754 17.931344245
0.997462338 0.005375733 -0.070992863 -0.847268191 -0.005829001 0.999963920 -0.006179080 -0.215844521 0.070957085 0.006577217 0.997457684 18.837515858
0.997403744 0.003643810 -0.071920051 -0.915147930 -0.004168721 0.999965751 -0.007149780 -0.227265054 0.071891536 0.007431032 0.997384774 19.740938343
0.997334931 0.003721799 -0.072864138 -0.981137940 -0.004125900 0.999976929 -0.005396211 -0.239982948 0.072842374 0.005682460 0.997327277 20.667126464
0.997315043 0.005328410 -0.073036387 -1.053243804 -0.005513704 0.999982072 -0.002335623 -0.250752140 0.073022632 0.002732053 0.997326542 21.592993408
0.997376970 0.006339249 -0.072104049 -1.126398085 -0.006247703 0.999979365 0.001495104 -0.263228092 0.072112039 -0.001040697 0.997395995 22.527875637
0.997499430 0.005095975 -0.070490550 -1.200751791 -0.004802662 0.999979093 0.004329879 -0.269485967 0.070511142 -0.003980509 0.997503050 23.484530061
0.997612811 0.005638824 -0.068825014 -1.270837573 -0.005304881 0.999973259 0.005033869 -0.277970819 0.068851559 -0.004656744 0.997616047 24.419293626
0.997691127 0.006121440 -0.067638328 -1.334113357 -0.005998569 0.999979969 0.002019534 -0.285740192 0.067649336 -0.001609138 0.997707862 25.360792786
0.997747857 0.007337912 -0.066673594 -1.403195883 -0.007545234 0.999967449 -0.002858221 -0.294393963 0.066650450 0.003354852 0.997770746 26.299592942
0.997835098 0.006789455 -0.065414223 -1.470093242 -0.007196237 0.999956196 -0.005984950 -0.303215804 0.065370723 0.006442729 0.997840248 27.249830492
0.997899110 0.004376479 -0.064639094 -1.536596625 -0.004708146 0.999976518 -0.004979624 -0.314971694 0.064615783 0.005273492 0.997896283 28.219630976
0.997905839 0.002123457 -0.064648495 -1.601121593 -0.002105761 0.999997724 0.000341862 -0.328477277 0.064649074 -0.000205012 0.997908039 29.182196930
0.997827688 -0.002261066 -0.065839135 -1.659781583 0.002547134 0.999987676 0.004261339 -0.343806948 0.065828689 -0.004419783 0.997821151 30.165375373
0.997848407 -0.011800788 -0.064492618 -1.803879924 0.011991331 0.999924803 0.002568187 -0.305756127 0.064457462 -0.003336013 0.997914879 31.012454022
0.997596286 -0.010569004 -0.068483181 -1.785080025 0.010505836 0.999943990 -0.001282486 -0.355326401 0.068492900 0.000559930 0.997651447 32.119956182
0.997516261 -0.009999103 -0.069723214 -1.862405926 0.009657221 0.999939645 -0.005238779 -0.369383308 0.069771389 0.004552434 0.997552620 33.089145673
0.997383676 -0.008438219 -0.071795535 -1.940199850 0.008022264 0.999949337 -0.006079994 -0.383118929 0.071843201 0.005488124 0.997400840 34.084918139
0.997304664 -0.008353339 -0.072894646 -2.012175038 0.008031798 0.999956685 -0.004703049 -0.398403541 0.072930774 0.004104898 0.997328558 35.087181277
0.997252056 -0.004939881 -0.073918425 -2.092735043 0.004801178 0.999986365 -0.002054005 -0.417426156 0.073927563 0.001693465 0.997262176 36.084724258
0.997142805 -0.004656582 -0.075395906 -2.170109705 0.004608091 0.999989049 -0.000817107 -0.431742432 0.075398885 0.000467341 0.997153343 37.089237601
0.997039238 -0.003082075 -0.076832670 -2.232467304 0.003251253 0.999992558 0.002076916 -0.449609130 0.076825697 -0.002320569 0.997041838 38.092061210
0.997003635 -0.003376594 -0.077280978 -2.303088235 0.003789223 0.999979335 0.005193316 -0.459812997 0.077261845 -0.005470589 0.996995827 39.106028173
0.996965896 0.002416796 -0.077802062 -2.389571256 -0.001844607 0.999970730 0.007425441 -0.462658518 0.077817730 -0.007259397 0.996941173 40.118248313
0.996926005 0.002295043 -0.078315217 -2.466973936 -0.001765560 0.999975120 0.006829485 -0.470686200 0.078328942 -0.006670221 0.996905254 41.115737858
0.996915651 0.002569042 -0.078438418 -2.546679520 -0.002179947 0.999984894 0.005045740 -0.477262663 0.078450196 -0.004859185 0.996906192 42.106211000
0.996919588 0.004649932 -0.078292480 -2.636578466 -0.004448963 0.999986346 0.002741130 -0.483552254 0.078304157 -0.002384366 0.996926664 43.091199629
0.996833065 0.004315173 -0.079405411 -2.717837368 -0.004114666 0.999987921 0.002688555 -0.493358478 0.079416053 -0.002353314 0.996838780 44.079899004
0.996729825 0.002410712 -0.080770322 -2.793870664 -0.002096369 0.999989897 0.003976399 -0.505428631 0.080779092 -0.003794071 0.996724808 45.068405563
0.996583961 0.002320242 -0.082553162 -2.860309127 -0.001898660 0.999984756 0.005184929 -0.514551964 0.082563934 -0.005010477 0.996573174 46.077005246
0.996610820 0.005609887 -0.082069493 -2.956792747 -0.005499147 0.999983639 0.001575321 -0.534749803 0.082076988 -0.001118670 0.996625364 47.029798559
0.996533428 0.005591597 -0.083005188 -3.052157284 -0.005845772 0.999978939 -0.002819429 -0.538642851 0.082987675 0.003294885 0.996545127 48.060525933
0.996455541 0.006436166 -0.083874498 -3.133916375 -0.006804044 0.999968443 -0.004100944 -0.551622990 0.083845457 0.004657094 0.996467888 49.035697877
0.996467858 0.005209187 -0.083813323 -3.214824338 -0.005249897 0.999986184 -0.000265333 -0.572242746 0.083810783 0.000704407 0.996481438 50.010237514
0.996437457 0.003256676 -0.084272107 -3.292724632 -0.003020503 0.999991146 0.002929847 -0.587308875 0.084280902 -0.002664865 0.996438472 50.980635921
0.996426201 0.001460808 -0.084455266 -3.377001452 -0.001154549 0.999992581 0.003675022 -0.600878945 0.084460008 -0.003564380 0.996420495 51.948408720
0.996394296 -0.001670548 -0.084826978 -3.455165778 0.001871506 0.999995628 0.002289579 -0.611062242 0.084822783 -0.002440077 0.996393066 52.912274606
0.996350193 -0.004425134 -0.085245011 -3.536816178 0.004523975 0.999989300 0.000966346 -0.622260184 0.085239823 -0.001348466 0.996359551 53.876931116
0.996235059 -0.005955340 -0.086488393 -3.617364873 0.006167456 0.999978593 0.002185528 -0.633393327 0.086473525 -0.002710713 0.996250461 54.824878123
0.996111414 -0.008993683 -0.087642254 -3.698702965 0.009589882 0.999933637 0.006383962 -0.643256725 0.087579023 -0.007199616 0.996131558 55.789890258
0.996042463 -0.009825756 -0.088333832 -3.781442175 0.010877869 0.999875424 0.011437154 -0.650491772 0.088210449 -0.012352775 0.996025264 56.739310262
0.996002273 -0.007968522 -0.088971763 -3.871180479 0.009235001 0.999861685 0.013832053 -0.655206745 0.088849236 -0.014598411 0.995938100 57.681241946
0.995868282 -0.006964265 -0.090542059 -3.959678202 0.007886560 0.999920558 0.009832600 -0.660314279 0.090466389 -0.010506040 0.995844092 58.617287348
0.995743461 -0.005627419 -0.091996149 -4.048650345 0.005835186 0.999980996 0.001989607 -0.665454124 0.091983205 -0.002517952 0.995757375 59.535857149
0.995671515 -0.003914005 -0.092859650 -4.139491842 0.003655462 0.999988955 -0.002954164 -0.674740285 0.092870187 0.002601932 0.995674826 60.451196557
0.995582314 0.000965441 -0.093887826 -4.236115080 -0.001165554 0.999997165 -0.002076598 -0.687599638 0.093885555 0.002176855 0.995580616 61.367007846
0.995487636 0.003779529 -0.094816044 -4.328257436 -0.003773243 0.999992851 0.000245591 -0.704224924 0.094816295 0.000113282 0.995494780 62.250972766
0.995353216 0.006377236 -0.096079687 -4.414177291 -0.006243550 0.999979077 0.001691990 -0.718665790 0.096088467 -0.001084249 0.995372207 63.132949128
0.995145561 0.005818974 -0.098241808 -4.459953550 -0.005997844 0.999980849 -0.001525468 -0.614239643 0.098231050 0.002107302 0.995161404 63.968180444
0.994946555 0.007418176 -0.100131529 -4.545793496 -0.007511930 0.999971629 -0.000559305 -0.630632318 0.100124539 0.001308659 0.994974052 64.815266782
0.994794631 0.008126015 -0.101575633 -4.633899417 -0.008159548 0.999966707 0.000085358 -0.648272408 0.101572944 0.000743897 0.994827816 65.657829646
0.994726323 0.008023129 -0.102250531 -4.762708372 -0.008029244 0.999967703 0.000351782 -0.655601778 0.102250051 0.000471068 0.994758617 66.488397681
0.994222073 0.008549374 -0.107001765 -4.700546985 -0.008326937 0.999962141 0.002525431 -0.695730430 0.107019305 -0.001619843 0.994255623 67.218656717
0.994018858 0.011192237 -0.108633531 -4.786325892 -0.010658250 0.999928101 0.005494904 -0.709901455 0.108687221 -0.004304195 0.994066679 67.999163690
0.993821422 0.013012361 -0.110225491 -4.862089224 -0.012006339 0.999880036 0.009785783 -0.725366485 0.110339604 -0.008401916 0.993858430 68.773530692
0.993586472 0.016086681 -0.111924714 -4.955936475 -0.014890185 0.999822794 0.011517955 -0.732288073 0.112090166 -0.009777504 0.993649936 69.534535450
0.993391366 0.018734242 -0.113237019 -5.054562328 -0.018032334 0.999811337 0.007219744 -0.740052474 0.113350912 -0.005130104 0.993541772 70.282581539
0.993250490 0.018650971 -0.114479718 -5.147391568 -0.018792658 0.999823390 -0.000158450 -0.753108356 0.114456544 0.002308759 0.993425573 70.997229224
0.993088393 0.017542639 -0.116050422 -5.234636119 -0.018371762 0.999812747 -0.006078651 -0.761803451 0.115922055 0.008168688 0.993224723 71.709618004
0.993052976 0.018382459 -0.116223370 -5.333204758 -0.019379783 0.999784387 -0.007456807 -0.768132941 0.116061236 0.009657388 0.993195109 72.404593464
0.992935179 0.021126414 -0.116762174 -5.430302668 -0.021748414 0.999755250 -0.004055444 -0.779659657 0.116647919 0.006566185 0.993151624 73.080422147
0.992739416 0.021415820 -0.118363063 -5.490771480 -0.021752229 0.999762189 -0.001550895 -0.802462499 0.118301702 0.004114296 0.992969174 73.696663461
0.992678476 0.018159665 -0.119413863 -5.570491141 -0.018866630 0.999810524 -0.004792354 -0.819130902 0.119304210 0.007010204 0.992832998 74.335156286
0.992789669 0.010078027 -0.119444995 -5.637150278 -0.011366884 0.999884244 -0.010113985 -0.832585857 0.119329239 0.011398777 0.992789303 74.953213469
0.993024364 0.005995384 -0.117756814 -5.717467394 -0.007826848 0.999855405 -0.015096649 -0.843703958 0.117649277 0.015913005 0.992927703 75.556261240
0.993424320 0.008363889 -0.114184785 -5.808371898 -0.010198736 0.999827940 -0.015494382 -0.860743196 0.114035545 0.016557036 0.993338693 76.150666483
0.993838615 0.013366435 -0.110027928 -5.885144282 -0.014834894 0.999811339 -0.012538422 -0.875033679 0.109839576 0.014093421 0.993849407 76.724817988
0.994367571 0.011914371 -0.105314677 -5.943734272 -0.012986939 0.999870494 -0.009504494 -0.889567311 0.105187798 0.010818676 0.994393525 77.280880217
0.994992923 0.008278825 -0.099601926 -5.986973418 -0.008847479 0.999946979 -0.005268907 -0.903523791 0.099553024 0.006123751 0.995013415 77.828491177
0.995796848 0.003924453 -0.091505390 -6.025145135 -0.004092334 0.999990270 -0.001647100 -0.922491716 0.091498036 0.002014648 0.995803219 78.354406290
0.996712066 0.007595407 -0.080668256 -6.070274975 -0.007767677 0.999968171 -0.001821927 -0.933562875 0.080651851 0.002442541 0.996739341 78.866710651
0.997765813 0.012837018 -0.065563655 -6.107187467 -0.013021870 0.999912349 -0.002392847 -0.943601536 0.065527191 0.003241262 0.997845520 79.367286726
0.998708282 0.017990443 -0.047519586 -6.129338741 -0.018100158 0.999834412 -0.001879504 -0.952078585 0.047477905 0.002737189 0.998868538 79.857718893
0.999541854 0.016414912 -0.025428971 -6.128743748 -0.016455085 0.999863665 -0.001371351 -0.961093327 0.025402994 0.001789159 0.999675691 80.339312071
0.999916284 0.012913965 0.000808933 -6.109423847 -0.012913675 0.999916549 -0.000362930 -0.972667489 -0.000813553 0.000352453 0.999999607 80.806135947
0.999467189 0.011871058 0.030404221 -6.076278415 -0.011914595 0.999928236 0.001251155 -0.983629591 -0.030387186 -0.001612742 0.999536902 81.262035970
0.997917936 0.011501426 0.063462662 -6.026894001 -0.011700938 0.999927697 0.002772999 -0.994544762 -0.063426180 -0.003509798 0.997980361 81.710414508
0.994823234 0.011511492 0.100966424 -5.957345446 -0.011898862 0.999923972 0.003235205 -1.003727609 -0.100921506 -0.004419842 0.994884574 82.156306615
0.989723733 0.011781938 0.142506556 -5.868883479 -0.012342891 0.999919163 0.003052956 -1.009662293 -0.142459066 -0.004780526 0.989789150 82.590839571
0.982146433 0.011506023 0.187765798 -5.764046204 -0.012291582 0.999919895 0.003019890 -1.018204506 -0.187716010 -0.005273913 0.982209186 83.007855315
0.971420605 0.013758671 0.236965625 -5.640658334 -0.014359213 0.999896574 0.000808501 -1.028080538 -0.236929993 -0.004188034 0.971517699 83.407592571
0.956840030 0.014728142 0.290241691 -5.496985694 -0.014726411 0.999889162 -0.002190209 -1.037720910 -0.290241779 -0.002178539 0.956950868 83.793350305
0.937792673 0.015058241 0.346869069 -5.328927446 -0.014383141 0.999886337 -0.004520797 -1.045590918 -0.346897719 -0.000749496 0.937902666 84.169389523
0.914459969 0.015591899 0.404375887 -5.136771723 -0.014168530 0.999878413 -0.006512380 -1.052170758 -0.404428260 0.000225899 0.914569697 84.518889079
0.886338929 0.015604635 0.462774025 -4.924002966 -0.013144995 0.999877137 -0.008539367 -1.059990110 -0.462850420 0.001485611 0.886435154 84.849692824
0.853730492 0.013859864 0.520530643 -4.691330441 -0.009836765 0.999896591 -0.010490227 -1.071889430 -0.520622209 0.003835489 0.853778545 85.159455814
0.817484218 0.013391291 0.575795300 -4.442984231 -0.008281481 0.999899612 -0.011497083 -1.085722099 -0.575891458 0.004630246 0.817513052 85.449672723
0.777926998 0.011983496 0.628240386 -4.173990460 -0.007056413 0.999921689 -0.010335507 -1.097772386 -0.628315043 0.003607146 0.777950638 85.728779457
0.735508529 0.011612958 0.677415931 -3.885629915 -0.008360207 0.999932531 -0.008064720 -1.108541244 -0.677463882 0.000268333 0.735555992 85.989154577
0.690716775 0.010471228 0.723049576 -3.583807555 -0.007220792 0.999945175 -0.007583340 -1.118285294 -0.723089342 0.000016950 0.690754517 86.225185115
0.644321228 0.009217158 0.764699418 -3.270008647 -0.003648171 0.999953034 -0.008978863 -1.126093558 -0.764746263 0.002995518 0.644324592 86.438445877
0.597722925 0.006500762 0.801676397 -2.941869880 0.002410111 0.999948035 -0.009905497 -1.134023155 -0.801699131 0.007852872 0.597676196 86.628600297
0.551203893 0.008583725 0.834326428 -2.611081526 0.000870749 0.999940618 -0.010862865 -1.144120699 -0.834370128 0.006714142 0.551163687 86.806107709
0.504161386 0.011530622 0.863532479 -2.274091702 -0.002680884 0.999926941 -0.011786681 -1.154577900 -0.863605297 0.003627359 0.504155465 86.969961946
0.458719072 0.013766008 0.888474710 -1.929801487 -0.003157686 0.999898930 -0.013862100 -1.163945310 -0.888575738 0.003553285 0.458716178 87.114769746
0.416716669 0.011181209 0.908967655 -1.574805586 0.004353973 0.999888332 -0.014295705 -1.171049597 -0.909025996 0.009914879 0.416621452 87.229361643
0.377662972 0.003421324 0.925936809 -1.209508304 0.019570674 0.999740292 -0.011676341 -1.176743274 -0.925736284 0.022530929 0.377497932 87.320241548
0.342641748 -0.000383477 0.939466064 -0.849247126 0.023819875 0.999681981 -0.008279521 -1.183407186 -0.939164121 0.025214874 0.342541916 87.411359790
0.309643018 0.003974896 0.950844573 -0.484133436 0.021238119 0.999712876 -0.011095388 -1.190774385 -0.950615666 0.023629760 0.309469693 87.511659624
0.278629683 0.011772626 0.960326458 -0.120358098 0.010374775 0.999829626 -0.015267038 -1.207436327 -0.960342576 0.014217021 0.278460073 87.615252159
0.250504325 0.016262768 0.967978876 0.262090398 0.005924575 0.999814422 -0.018330856 -1.225140934 -0.968097352 0.010326822 0.250361487 87.704394148
0.224900970 0.017998872 0.974215374 0.654852080 0.007431346 0.999768613 -0.020186526 -1.240182177 -0.974353287 0.011779701 0.224715175 87.775675096
0.201510963 0.019343954 0.979295228 1.061944894 0.014912675 0.999628493 -0.022814198 -1.251191309 -0.979372730 0.019201222 0.201147630 87.834912332
0.181449623 0.025713552 0.983064010 1.473773172 0.022034721 0.999300810 -0.030205322 -1.251545456 -0.983153348 0.027142285 0.180756165 87.884377632
0.161855314 0.032528712 0.986278227 1.895135618 0.024197019 0.999025233 -0.036920029 -1.253170359 -0.986517796 0.029840696 0.160910445 87.938225946
0.144354839 0.033432750 0.988961037 2.331213257 0.021796217 0.999079154 -0.036956312 -1.268021173 -0.989285907 0.026890432 0.143493203 87.995528364
0.128863219 0.028996881 0.991238343 2.786355050 0.019880199 0.999295978 -0.031817063 -1.292978289 -0.991463085 0.023806065 0.128196033 88.048631105
0.114308987 0.025742139 0.993111674 3.254302412 0.020178486 0.999397833 -0.028227662 -1.314629893 -0.993240295 0.023266166 0.113720717 88.095504553
0.101169398 0.023063661 0.994601840 3.722742136 0.022289999 0.999427744 -0.025442873 -1.335432601 -0.994619479 0.024743714 0.100597415 88.128539956
0.089609091 0.022003368 0.995733932 4.216361077 0.026323430 0.999354373 -0.024452296 -1.353641121 -0.995629091 0.028402281 0.088972033 88.158982427
0.079631570 0.022923072 0.996560759 4.749831637 0.029652061 0.999238674 -0.025354059 -1.363376844 -0.996383244 0.031569064 0.078891228 88.196104912
0.071762957 0.023704817 0.997139990 5.280843304 0.031699315 0.999158334 -0.026034160 -1.377091487 -0.996917866 0.033476943 0.070951131 88.229557423
0.066123320 0.024049815 0.997521585 5.826266241 0.033311651 0.999099021 -0.026295996 -1.394787752 -0.997255253 0.034967869 0.065262605 88.262089834
0.060490459 0.025017198 0.997855222 6.378020473 0.034687161 0.999029385 -0.027149387 -1.413677208 -0.997565890 0.036255044 0.059563970 88.291015519
0.057479346 0.025081272 0.998031590 6.804997990 0.036782502 0.998952434 -0.027222818 -1.452790498 -0.997668869 0.038274848 0.056496580 88.154484139
0.049641881 0.026214175 0.998423007 7.569402378 0.037313377 0.998908957 -0.028082166 -1.441626057 -0.998069835 0.038648585 0.048609580 88.357110656
0.046745020 0.026174386 0.998563871 8.189293877 0.038754521 0.998856495 -0.027996242 -1.462022527 -0.998154793 0.040007550 0.045677191 88.381889448
0.043528028 0.025723585 0.998720986 8.826925252 0.039564777 0.998839862 -0.027451029 -1.482486606 -0.998268470 0.040709062 0.042459782 88.410500363
0.041188871 0.025149989 0.998834799 9.474919011 0.041430087 0.998780379 -0.026857068 -1.504919334 -0.998292054 0.042488025 0.040096670 88.435547039
0.044032802 0.025340242 0.998708658 9.933842217 0.048121553 0.998464071 -0.027455703 -1.462182272 -0.997870447 0.049268363 0.042745759 88.282322661
0.041462352 0.023967589 0.998852556 10.830210935 0.049409580 0.998439904 -0.026008678 -1.555408613 -0.997917615 0.050431266 0.040213438 88.483304217
0.044051445 0.024215497 0.998735741 11.548550770 0.050902254 0.998353287 -0.026451381 -1.574049827 -0.997731643 0.052003122 0.042746282 88.511033990
0.052776744 0.024193983 0.998313211 11.833365643 0.055488375 0.998090895 -0.027122039 -1.522185814 -0.997063516 0.056826190 0.051333503 88.286160076
0.057233545 0.023716205 0.998079087 12.566616586 0.055951381 0.998070397 -0.026924457 -1.545718898 -0.996791736 0.057384886 0.055796153 88.326922292
0.061331539 0.021997832 0.997875011 13.318716367 0.057386020 0.998025628 -0.025528220 -1.570622591 -0.996466400 0.058829760 0.059948080 88.373908933
0.065210481 0.020616115 0.997658543 14.072002865 0.056855882 0.998085624 -0.024341241 -1.593752291 -0.996250471 0.058310061 0.063913496 88.424445990
0.069329993 0.018409289 0.997423907 14.845940811 0.053727383 0.998309719 -0.022160178 -1.621133702 -0.996145933 0.055125342 0.068223723 88.483603425
0.073563953 0.017403680 0.997138635 15.645369257 0.052872280 0.998373542 -0.021325889 -1.643976981 -0.995887979 0.054289810 0.072524132 88.546618587
0.077936891 0.018416904 0.996788171 16.448895672 0.050277238 0.998484534 -0.022379324 -1.667579367 -0.995689731 0.051859931 0.076892830 88.608386293
0.081545779 0.022864246 0.996407302 17.246025644 0.047754014 0.998498983 -0.026820422 -1.694980477 -0.995524907 0.049769541 0.080331518 88.666430512
0.082493337 0.028349105 0.996188324 18.051013316 0.041774387 0.998618407 -0.031877554 -1.726927472 -0.995715697 0.044244842 0.081195098 88.752374237
0.082220591 0.031156172 0.996127034 18.870008764 0.038519261 0.998665048 -0.034414945 -1.767693786 -0.995869490 0.041199694 0.080910718 88.832841012
0.082842431 0.031308064 0.996070749 19.636131240 0.035687854 0.998772092 -0.034361102 -1.794561237 -0.995923445 0.038394184 0.081623391 88.879685950
0.083013983 0.029332064 0.996116614 20.439600877 0.032719269 0.998947611 -0.032142173 -1.837096037 -0.996011108 0.035260457 0.081966897 88.947859261
0.082995349 0.028165566 0.996151832 21.243209982 0.033599557 0.998953117 -0.031044150 -1.872510841 -0.995983354 0.036046781 0.081962112 89.009974352
0.083505872 0.027200400 0.996135988 22.037846302 0.030920549 0.999075342 -0.029872725 -1.914547289 -0.996027454 0.033295620 0.082587606 89.080033081
0.083755576 0.027731413 0.996100383 22.851922895 0.029069260 0.999119276 -0.030259704 -1.950560031 -0.996062238 0.031490320 0.082875679 89.145574669
0.084342546 0.028408932 0.996031760 23.657891108 0.025836917 0.999195057 -0.030686990 -1.987195674 -0.996101796 0.028322609 0.083540656 89.199201821
0.082980395 0.030018462 0.996098964 24.467649387 0.022860731 0.999225846 -0.032017116 -2.022729410 -0.996288935 0.025428343 0.082229911 89.276284716
0.080166730 0.029624082 0.996341161 25.271584491 0.019847043 0.999312674 -0.031309349 -2.059863718 -0.996583860 0.022284394 0.079523679 89.343355332
0.076118555 0.028045386 0.996704280 26.100470910 0.017283156 0.999417071 -0.029441638 -2.100059348 -0.996948975 0.019467250 0.075589470 89.421248177
0.071152228 0.025593332 0.997137073 26.910735681 0.015297970 0.999525193 -0.026746238 -2.135658239 -0.997348150 0.017157228 0.070726918 89.485755874
0.064855285 0.023583523 0.997615963 27.723455933 0.012974374 0.999616264 -0.024474278 -2.170732306 -0.997810332 0.014530729 0.064524416 89.547129260
0.057202688 0.023601598 0.998083572 28.522795439 0.011749164 0.999635384 -0.024311668 -2.208980993 -0.998293449 0.013117341 0.056904532 89.595089638
0.048217116 0.024925674 0.998525824 29.331106951 0.012260122 0.999598504 -0.025544471 -2.230722032 -0.998761633 0.013473729 0.047892166 89.644685869
0.038260207 0.025467952 0.998943212 30.138549909 0.012499612 0.999584754 -0.025963051 -2.259816946 -0.999189630 0.013479755 0.037925980 89.677449718
0.027657825 0.024541680 0.999316142 30.959580623 0.013916172 0.999592244 -0.024933615 -2.286667265 -0.999520578 0.014596264 0.027305021 89.700768893
0.017498891 0.023370630 0.999573710 31.746224539 0.012936734 0.999637808 -0.023598603 -2.322063261 -0.999763187 0.013344169 0.017190213 89.711897879
0.006464783 0.022413207 0.999727890 32.538552812 0.014311587 0.999644314 -0.022503879 -2.352461922 -0.999876685 0.014453175 0.006141715 89.714893821
-0.004403276 0.022811367 0.999730090 33.327587371 0.014713228 0.999633040 -0.022744349 -2.381224408 -0.999882059 0.014609107 -0.004737289 89.710756687
-0.014762710 0.024141071 0.999599555 34.060699913 0.014329043 0.999610948 -0.023929726 -2.402504358 -0.999788348 0.013970037 -0.015102885 89.668278872
-0.025355269 0.025232721 0.999360005 34.835341605 0.014070620 0.999591379 -0.024881570 -2.433521855 -0.999579476 0.013430736 -0.025699949 89.649626483
-0.035289167 0.026293949 0.999031182 35.578887531 0.014557773 0.999561283 -0.025793671 -2.464243297 -0.999271107 0.013633432 -0.035656467 89.612037368
-0.043967849 0.027006529 0.998667850 36.313257924 0.017285441 0.999505476 -0.026268164 -2.499003888 -0.998883397 0.016107460 -0.044412926 89.562303529
-0.053383773 0.027487993 0.998195664 37.055885153 0.018147945 0.999482665 -0.026552877 -2.531108021 -0.998409147 0.016697707 -0.053855007 89.517087722
-0.062674840 0.027856952 0.997645155 37.799895702 0.018966814 0.999463109 -0.026716166 -2.561970967 -0.997853759 0.017247718 -0.063169548 89.473329502
-0.071384965 0.027765540 0.997062316 38.552318201 0.019727464 0.999456263 -0.026419812 -2.585461824 -0.997253736 0.017783534 -0.071893894 89.428859997
-0.078876395 0.026631633 0.996528610 39.285873821 0.021569574 0.999454664 -0.025002573 -2.615452769 -0.996651026 0.019522585 -0.079407814 89.370003177
-0.083706007 0.024810382 0.996181585 40.009063400 0.024641768 0.999435837 -0.022820860 -2.647216221 -0.996185770 0.022637432 -0.084270155 89.298997920
-0.087498987 0.023004793 0.995898944 40.723779526 0.027597862 0.999405563 -0.020661065 -2.679867576 -0.995782248 0.025676860 -0.088081858 89.233831596
-0.090109836 0.021852271 0.995692069 41.431726995 0.029152791 0.999388720 -0.019295082 -2.706234490 -0.995505064 0.027288526 -0.090691809 89.167668222
-0.091580405 0.020751036 0.995581450 42.122025671 0.029707143 0.999394794 -0.018097851 -2.734141126 -0.995354467 0.027918472 -0.092141434 89.096607803
-0.092386054 0.021083045 0.995500036 42.800531928 0.030602135 0.999363652 -0.018324879 -2.761532357 -0.995252896 0.028771464 -0.092972451 89.031812984
-0.091707743 0.022030348 0.995542241 43.445098571 0.030867873 0.999337685 -0.019270839 -2.787606262 -0.995307422 0.028962986 -0.092327034 88.987455845
-0.088824308 0.022813882 0.995786006 44.045700018 0.030670011 0.999326251 -0.020159220 -2.831303514 -0.995575006 0.028750139 -0.089464165 88.927239550
-0.083365339 0.023520721 0.996241435 44.675821396 0.030748714 0.999306097 -0.021020028 -2.850921073 -0.996044546 0.028880801 -0.084030724 88.874820622
-0.075347289 0.024107746 0.996865890 45.273663829 0.030246847 0.999302943 -0.021880499 -2.877226925 -0.996698507 0.028503413 -0.076023951 88.835606148
-0.063973721 0.023863762 0.997666219 45.830876690 0.028869892 0.999339889 -0.022052561 -2.906480608 -0.997533905 0.027391732 -0.064620435 88.805632864
-0.049999994 0.023961831 0.998461732 46.377328542 0.028199668 0.999347453 -0.022570932 -2.935298073 -0.998351030 0.027027743 -0.050643083 88.785413490
-0.032580091 0.025246578 0.999150213 46.912116825 0.027071700 0.999336429 -0.024368534 -2.960487706 -0.999102428 0.026254766 -0.033241939 88.778449832
-0.011245082 0.027910733 0.999547167 47.449279325 0.025339548 0.999297311 -0.027618682 -2.981961785 -0.999615654 0.025017499 -0.011944425 88.788019565
0.013447596 0.030931087 0.999431053 47.976409687 0.023154505 0.999243778 -0.031236841 -3.007007607 -0.999641451 0.023561392 0.012721233 88.812980165
0.041806079 0.032817228 0.998586642 48.508043492 0.020944812 0.999212008 -0.033714640 -3.032297090 -0.998906185 0.022324687 0.041085786 88.853103605
0.075115215 0.032221779 0.996654133 49.029809766 0.018577218 0.999259118 -0.033706114 -3.055675213 -0.997001801 0.021046904 0.074460972 88.911264332
0.113499419 0.029488020 0.993100367 49.543185421 0.016770942 0.999360180 -0.031590609 -3.086271669 -0.993396506 0.020240745 0.112932258 88.984996026
0.156047771 0.025524137 0.987419673 50.041787919 0.014126903 0.999506156 -0.028069122 -3.113360631 -0.987648482 0.018329306 0.155610131 89.081580518
0.201657578 0.021131686 0.979228101 50.542732525 0.011155418 0.999652836 -0.023869745 -3.140621177 -0.979392555 0.015737214 0.201351837 89.202719682
0.250304948 0.017826603 0.968002916 51.020241359 0.006206284 0.999780384 -0.020016625 -3.163777437 -0.968147156 0.011017961 0.250139340 89.348233243
0.302412595 0.016202704 0.953039398 51.478738831 0.002309949 0.999840119 -0.017731346 -3.184014008 -0.953174321 0.007563655 0.302326818 89.512842197
0.358287304 0.015749218 0.933478532 51.931826210 0.001184133 0.999849236 -0.017323487 -3.201999353 -0.933610628 0.007312148 0.358214638 89.702397569
0.416668064 0.016091304 0.908916275 52.361548201 0.003228863 0.999810820 -0.019180671 -3.222476043 -0.909052968 0.010926739 0.416537282 89.918892944
0.476544721 0.019564766 0.878932506 52.766746270 0.003955062 0.999694519 -0.024397270 -3.236675048 -0.879141335 0.015102622 0.476321765 90.166437236
0.539980997 0.022804701 0.841368212 53.195908034 0.005302112 0.999520882 -0.030494158 -3.246044882 -0.841660508 0.020927294 0.539601369 90.388988132
0.597128862 0.027878794 0.801660710 53.564652387 0.000683382 0.999377809 -0.035263690 -3.249873800 -0.802145034 0.021604808 0.596738282 90.705707150
0.651768456 0.031729957 0.757753977 53.907257392 -0.003704182 0.999245711 -0.038656022 -3.252827394 -0.758408965 0.022387917 0.651394368 91.043199290
0.703436229 0.032747751 0.710003561 54.219871083 -0.005587529 0.999161934 -0.040548861 -3.267053052 -0.710736414 0.024556373 0.703029682 91.398808912
0.750735323 0.030603140 0.659893873 54.501426163 -0.006077749 0.999204067 -0.039424523 -3.288978749 -0.660575156 0.025586713 0.750323786 91.774045802
0.794138343 0.027411649 0.607118516 54.751157592 -0.008632216 0.999390270 -0.033831553 -3.308980222 -0.607675716 0.021626155 0.793890756 92.166697221
0.833374158 0.022341511 0.552257520 54.972003010 -0.009260894 0.999606869 -0.026463990 -3.324938169 -0.552631657 0.016940007 0.833253436 92.579499204
0.867931856 0.020063131 0.496277910 55.174090695 -0.011835385 0.999735531 -0.019717819 -3.340139443 -0.496542261 0.011240083 0.867939770 93.012486779
0.897037037 0.016365043 0.441652284 55.339934248 -0.012414907 0.999852916 -0.011832848 -3.361474453 -0.441780970 0.005131431 0.897108267 93.434850416
0.920532387 0.017471118 0.390275396 55.477098622 -0.016375454 0.999847092 -0.006134928 -3.376991887 -0.390322903 -0.000743537 0.920677728 93.872508292
0.938833170 0.019591882 0.343814538 55.598229871 -0.020047668 0.999796540 -0.002229342 -3.391279858 -0.343788263 -0.004799700 0.939034927 94.321948392
0.952447506 0.025725665 0.303614787 55.697703991 -0.027221574 0.999629183 0.000694940 -3.399973230 -0.303484324 -0.008926767 0.952794615 94.781803309
0.962913184 0.030097581 0.268127462 55.789045181 -0.031190598 0.999513438 -0.000183119 -3.402590629 -0.268002513 -0.008186729 0.963383429 95.244222687
0.970987849 0.032046271 0.236971800 55.880651855 -0.032970926 0.999456309 -0.000061100 -3.402067035 -0.236844918 -0.007753852 0.971516527 95.721429112
0.976276210 0.026662388 0.214881079 55.977617286 -0.027297434 0.999627356 -0.000012181 -3.405507441 -0.214801330 -0.005853810 0.976640221 96.204722028
0.979688019 0.023688746 0.199123650 56.070261862 -0.024347441 0.999703187 0.000859677 -3.415787785 -0.199044183 -0.005690367 0.979973996 96.695849906
0.982117973 0.027838821 0.186196907 56.149731998 -0.028441409 0.999595301 0.000565338 -3.419029330 -0.186105815 -0.005850931 0.982512286 97.199049398
0.983750623 0.033394336 0.176407283 56.228776409 -0.034118581 0.999417216 0.001073092 -3.418311018 -0.176268641 -0.007074421 0.984316676 97.710527791
0.984525999 0.040519448 0.170489682 56.295643822 -0.041009478 0.999158547 -0.000647873 -3.412618406 -0.170372474 -0.006353845 0.985359249 98.233813751
0.984791742 0.046203184 0.167482808 56.371741476 -0.046141729 0.998925818 -0.004260498 -3.418156478 -0.167499749 -0.003532243 0.985865791 98.764881809
0.984882368 0.047422943 0.166606678 56.459247364 -0.046946530 0.998874265 -0.006798931 -3.428873819 -0.166741549 -0.001125458 0.985999995 99.303306996
0.984516803 0.045963211 0.169156871 56.555671526 -0.044847459 0.998939577 -0.010412782 -3.439245815 -0.169456098 0.002665303 0.985534133 99.849454827
0.983845347 0.043842726 0.173568856 56.635093779 -0.041497740 0.998991946 -0.017118115 -3.440141103 -0.174144394 0.009638862 0.984672952 100.385136900
0.983097425 0.043922528 0.177736505 56.737913323 -0.040625719 0.998928943 -0.022147642 -3.446201610 -0.178518919 0.014552616 0.983828855 100.952417124
0.982010571 0.048934889 0.182374932 56.829170667 -0.045746309 0.998718408 -0.021652187 -3.461130138 -0.183200749 0.012919697 0.982990624 101.528041155
0.980719619 0.052620259 0.188202382 56.932182609 -0.050273645 0.998586953 -0.017223768 -3.481792237 -0.188842762 0.007430068 0.981979229 102.120900643
0.979894326 0.050053637 0.193136593 57.051784957 -0.048627573 0.998743440 -0.012120223 -3.502438798 -0.193500566 0.002484774 0.981097017 102.732150157
0.979301187 0.045828537 0.197152047 57.178433163 -0.045349935 0.998947027 -0.006944061 -3.511115289 -0.197262687 -0.002140505 0.980348331 103.350027507
0.978613095 0.043521108 0.201053038 57.305768181 -0.043967478 0.999030436 -0.002246977 -3.523514864 -0.200955895 -0.006640873 0.979577780 103.986491146
0.978148786 0.039094694 0.204197348 57.439010586 -0.039621807 0.999213610 -0.001507994 -3.531915738 -0.204095723 -0.006615625 0.978928582 104.630506138
0.978184717 0.035570956 0.204668918 57.576438932 -0.035342129 0.999363867 -0.004774529 -3.539838551 -0.204708556 -0.002563064 0.978819615 105.276072589
0.978320986 0.034740370 0.204159632 57.712044253 -0.033039299 0.999385149 -0.011735770 -3.550855697 -0.204441809 0.004736059 0.978867262 105.930240086
0.978452193 0.036787202 0.203169898 57.845370934 -0.033746432 0.999260817 -0.018411877 -3.561522591 -0.203697040 0.011158882 0.978970375 106.594374442
0.978889271 0.039584272 0.200521520 57.976293230 -0.035835458 0.999109043 -0.022292167 -3.569920839 -0.201225284 0.014635783 0.979435643 107.277946293
0.979468873 0.038048197 0.197972378 58.115648008 -0.035192953 0.999219820 -0.017922251 -3.583563735 -0.198499833 0.010587055 0.980043739 107.976192789
0.979880074 0.034077205 0.196656513 58.259154948 -0.032717460 0.999413000 -0.010159920 -3.598960374 -0.196887297 0.003521402 0.980419804 108.693599704
0.980345241 0.034628402 0.194226885 58.398152770 -0.034444123 0.999397259 -0.004326888 -3.615865678 -0.194259650 -0.002448131 0.980947091 109.417731682
0.980602014 0.037880206 0.192314275 58.531754588 -0.037617400 0.999279611 -0.005018970 -3.628992795 -0.192365853 -0.002312751 0.981320554 110.147616396
0.980792708 0.043403719 0.190162512 58.660772995 -0.042322274 0.999056472 -0.009746340 -3.638841921 -0.190406116 0.001511029 0.981704247 110.894045217
0.981539206 0.043906214 0.186153250 58.796902300 -0.041820108 0.999010737 -0.015120359 -3.647590341 -0.186632973 0.007056277 0.982404368 111.629715714
0.982396108 0.042380373 0.181938975 58.935461775 -0.039774660 0.999047460 -0.017948502 -3.662561617 -0.182526335 0.010395978 0.983146002 112.393619436
0.983176328 0.040154684 0.178190657 59.068556681 -0.037829595 0.999149156 -0.016428224 -3.679707909 -0.178698715 0.009410961 0.983858833 113.171097604
0.983931316 0.036339397 0.174810223 59.206275383 -0.034409603 0.999308928 -0.014058664 -3.700811446 -0.175200300 0.007817609 0.984501772 113.962398546
0.984564043 0.031979762 0.172078295 59.343022684 -0.030614477 0.999475242 -0.010582784 -3.740140038 -0.172326430 0.005151342 0.985026429 114.612977098
0.985278591 0.025197033 0.169089346 59.507796610 -0.024223672 0.999676000 -0.007817191 -3.709471054 -0.169231531 0.003606146 0.985569726 115.540321632
0.985491209 0.019961605 0.168548540 59.646793438 -0.019135192 0.999795606 -0.006526077 -3.724325790 -0.168644361 0.003206183 0.985671751 116.347018467
0.985590686 0.020528514 0.167897528 59.781948381 -0.019945905 0.999787766 -0.005155875 -3.733374363 -0.167967737 0.001732715 0.985790970 117.164345428
0.985358314 0.026116374 0.168484207 59.906827260 -0.025302798 0.999655505 -0.006974276 -3.749882705 -0.168608308 0.002609039 0.985679680 117.978742524
0.985045230 0.031503027 0.169391424 60.028452109 -0.030115946 0.999488578 -0.010752294 -3.758418107 -0.169643523 0.005490113 0.985490200 118.803407118
0.983828987 0.042275797 0.174049652 60.056434884 -0.040615890 0.999089094 -0.013089361 -3.739997239 -0.174444472 0.005808511 0.984649881 119.912408472
0.983779362 0.046960600 0.173126740 60.281047754 -0.045551341 0.998888638 -0.012106394 -3.737369337 -0.173502857 0.004023866 0.984825145 120.463119579
0.983134318 0.049477508 0.176065014 60.419201976 -0.048472699 0.998774388 -0.010005926 -3.758336718 -0.176344295 0.001302823 0.984327685 121.306138074
0.982642620 0.050217553 0.178582414 60.565879240 -0.049072740 0.998736546 -0.010824918 -3.778496932 -0.178900384 0.001873497 0.983865409 122.142146672
0.982356442 0.048589610 0.180595878 60.711297226 -0.046880597 0.998806245 -0.013722069 -3.794956664 -0.181047041 0.005013521 0.983461658 122.986510754
0.982438684 0.042459817 0.181690385 60.882536404 -0.040974426 0.999089055 -0.011922908 -3.820969271 -0.182031120 0.004268867 0.983283503 123.779636807
0.982691269 0.038777606 0.181146810 61.096077500 -0.037120654 0.999232239 -0.012529568 -3.885193031 -0.181493599 0.005588409 0.983376247 124.530772638
0.982452922 0.038179097 0.182561255 61.250212020 -0.036523103 0.999255556 -0.012425670 -3.908488183 -0.182899749 0.005539932 0.983115960 125.380851670
0.982057257 0.040817432 0.184112684 61.403512639 -0.039722782 0.999164319 -0.009631469 -3.925410428 -0.184351956 0.002145186 0.982857952 126.236874495
0.981649825 0.043179408 0.185739496 61.549613594 -0.043193273 0.999058832 -0.003973848 -3.940933514 -0.185736273 -0.004121770 0.982590987 127.096229397
0.981378380 0.046310721 0.186418326 61.715973230 -0.047186665 0.998886055 0.000261988 -3.957655359 -0.186198533 -0.009053568 0.982470427 127.994630917
0.981206491 0.045575795 0.187501117 61.871106645 -0.045218692 0.998957974 -0.006183591 -3.977461096 -0.187587558 -0.002411176 0.982244926 128.839803350
0.981512289 0.040678791 0.187026371 62.031232291 -0.037498799 0.999086153 -0.020510928 -3.999072876 -0.187689817 0.013118464 0.982140743 129.662431036
0.981783158 0.038041640 0.186157635 62.192375528 -0.033133708 0.999018237 -0.029406130 -4.022511030 -0.187093530 0.022702350 0.982079739 130.485322995
0.982026595 0.035244033 0.185422827 62.349480635 -0.032086646 0.999284921 -0.020002347 -4.044024046 -0.185995198 0.013693241 0.982455231 131.325596394
0.982349452 0.029307720 0.184744720 62.503692177 -0.029969400 0.999550505 0.000789616 -4.063641359 -0.184638537 -0.006312368 0.982786225 132.180334164
0.982601010 0.026690245 0.183801214 62.659492931 -0.030131348 0.999418617 0.015954003 -4.085579394 -0.183268538 -0.021214598 0.982833955 133.026448792
0.982643291 0.031090902 0.182881160 62.802934645 -0.033555713 0.999382758 0.010397925 -4.096031017 -0.182444997 -0.016354159 0.983080040 133.847736942
0.982660915 0.038655013 0.181337575 62.933534369 -0.038240728 0.999251830 -0.005781616 -4.100230349 -0.181425392 -0.001253113 0.983403913 134.658734401
0.982912765 0.039763380 0.179725819 63.091938943 -0.037967098 0.999188808 -0.013424775 -4.120510497 -0.180113841 0.006371715 0.983625135 135.421788002
0.983554648 0.034780897 0.177230200 63.246314717 -0.032760134 0.999360704 -0.014316292 -4.130707938 -0.177614831 0.008274770 0.984065293 136.237196493
0.984039353 0.034781636 0.174518737 63.385652624 -0.033116234 0.999374001 -0.012446722 -4.160364829 -0.174842405 0.006468661 0.984575182 137.055673775
0.984670189 0.034375857 0.171005613 63.515339595 -0.032503818 0.999377220 -0.013735850 -4.178085470 -0.171371295 0.007966947 0.985174303 137.876695328
0.985535913 0.034901686 0.165833763 63.649898687 -0.032758506 0.999340884 -0.015642159 -4.191880332 -0.166270397 0.009983443 0.986029658 138.687129057
0.986261075 0.039986989 0.160281416 63.804532264 -0.037995844 0.999158148 -0.015469694 -4.219971507 -0.160765069 0.009167129 0.986950129 139.448805775
0.985766084 0.047206416 0.161359168 63.873513650 -0.045277325 0.998852432 -0.015613568 -4.251203445 -0.161911058 0.008085414 0.986772231 140.315828320
0.986035317 0.048739548 0.159244495 63.997398502 -0.047180452 0.998794353 -0.013558987 -4.273864621 -0.159713361 0.005856413 0.987146060 141.120700427
0.986321611 0.046743392 0.158065601 64.121521444 -0.045918612 0.998905821 -0.008868008 -4.292104560 -0.158307170 0.001488555 0.987388791 141.928213101
0.986632233 0.045083844 0.156602308 64.238761171 -0.044267305 0.998981842 -0.008699693 -4.316438586 -0.156835078 0.001651035 0.987623426 142.729744645
0.987139184 0.043154011 0.153928431 64.348548656 -0.041997451 0.999059788 -0.010758948 -4.351511552 -0.154247998 0.004155977 0.988023422 143.506352411
0.988144730 0.038028034 0.148740920 64.472621070 -0.036243522 0.999235004 -0.014690628 -4.368562417 -0.149185789 0.009125572 0.988767073 144.305817360
0.989225572 0.034968670 0.142161738 64.585327177 -0.033052540 0.999328429 -0.015818380 -4.382977527 -0.142619414 0.010949139 0.989717040 145.113272899
0.990131467 0.033269413 0.136135312 64.687352369 -0.032267649 0.999433549 -0.009559265 -4.416963194 -0.136376229 0.005072163 0.990644132 145.928502636
0.991034547 0.030970902 0.129966649 64.788417280 -0.031110943 0.999515483 -0.000953147 -4.435125040 -0.129933198 -0.003098784 0.991517908 146.729523994
0.991598140 0.028309029 0.126220945 64.886321569 -0.029659488 0.999521038 0.008832315 -4.450279558 -0.125910456 -0.012501755 0.991962834 147.529678343
0.991890504 0.035039428 0.122169823 64.963414934 -0.036738816 0.999256589 0.011684586 -4.458863690 -0.121669579 -0.016078204 0.992440429 148.317077505
0.992403703 0.037625988 0.117128883 65.046290972 -0.038704811 0.999226526 0.006948865 -4.461844192 -0.116776829 -0.011429531 0.993092412 149.096250537
0.993289315 0.037743933 0.109323976 65.137307152 -0.037627323 0.999286939 -0.003130165 -4.471491172 -0.109364166 -0.001004409 0.994001243 149.873505106
0.994121588 0.034305167 0.102690911 65.216706728 -0.033601450 0.999398522 -0.008575306 -4.476467661 -0.102923322 0.005074334 0.994676350 150.672180622
0.994829862 0.033402227 0.095905356 65.288586887 -0.032822220 0.999432163 -0.007619334 -4.486611014 -0.096105400 0.004432114 0.995361295 151.482936458
0.995296006 0.040160470 0.088164604 65.344525847 -0.039958862 0.999193113 -0.004051160 -4.503937612 -0.088256162 0.000509146 0.996097681 152.305476604
0.995733889 0.045610671 0.080210285 65.389523777 -0.045334458 0.998958005 -0.005262274 -4.521310334 -0.080366722 0.001603534 0.996764074 153.120957253
0.996399194 0.048080156 0.069835121 65.434587680 -0.047426286 0.998814258 -0.010992073 -4.534841335 -0.070280815 0.007640472 0.997497985 153.932464512
0.997055451 0.046567688 0.060925190 65.483021226 -0.045839706 0.998860357 -0.013293163 -4.548912058 -0.061474789 0.010461228 0.998053813 154.749474037
0.997507504 0.046822948 0.052786280 65.516046695 -0.046341387 0.998872445 -0.010310853 -4.564487360 -0.053209545 0.007838964 0.998552600 155.574430940
0.997705515 0.050318536 0.045296243 65.535820356 -0.050235188 0.998732978 -0.002977240 -4.582892922 -0.045388662 0.000694944 0.998969162 156.385129174
0.997857666 0.053903653 0.037073912 65.552023028 -0.054052761 0.998533482 0.003030679 -4.595554828 -0.036856178 -0.005028133 0.999307931 157.216053085
