1.000000000 0.000000000 0.000000000 0.000000000 0.000000000 1.000000000 0.000000000 0.000000000 0.000000000 0.000000000 1.000000000 0.000000000
0.999990649 -0.002656172 -0.003412815 -0.001842545 0.002648593 0.999994021 -0.002223326 -0.004032166 0.003418700 0.002214266 0.999991705 0.676885815
0.999970788 -0.001238378 -0.007542487 -0.013323201 0.001209721 0.999992037 -0.003802869 -0.006367135 0.007547136 0.003793634 0.999964324 1.374386481
0.999932759 -0.001325520 -0.011520477 -0.029630827 0.001265146 0.999985438 -0.005246215 -0.009486328 0.011527264 0.005231287 0.999919875 2.090016681
0.999857123 0.000357922 -0.016899887 -0.043150321 -0.000466397 0.999979314 -0.006415167 -0.006028992 0.016897241 0.006422133 0.999836606 2.834519132
0.999767109 -0.000759950 -0.021567329 -0.059142507 0.000615103 0.999977219 -0.006721862 -0.014909746 0.021571946 0.006707030 0.999744801 3.581607931
0.999655987 0.001176191 -0.026201623 -0.085630578 -0.001383472 0.999967883 -0.007894253 -0.025975729 0.026191496 0.007927786 0.999625508 4.336096499
0.999495681 0.003844750 -0.031521462 -0.113110607 -0.004123094 0.999953042 -0.008770040 -0.032951084 0.031486263 0.008895583 0.999464599 5.115441299
0.999340360 0.004278120 -0.036063030 -0.143932873 -0.004540481 0.999963798 -0.007196323 -0.042253022 0.036030938 0.007355319 0.999323607 5.909425539
0.999163852 0.003476299 -0.040737118 -0.175387602 -0.003661047 0.999983346 -0.004461391 -0.053680959 0.040720930 0.004606801 0.999159939 6.703007943
0.998993714 0.003074018 -0.044744933 -0.208355802 -0.003161293 0.999993236 -0.001879874 -0.062710520 0.044738851 0.002019434 0.998996675 7.521285082
0.998863117 0.004675109 -0.047440672 -0.250404944 -0.004800823 0.999985259 -0.002536329 -0.072392163 0.047428115 0.002761199 0.998870837 8.337063509
0.998580743 0.004047718 -0.053104759 -0.239858788 -0.004213584 0.999986587 -0.003011787 -0.075866204 0.053091856 0.003231274 0.998584405 9.174640910
0.998463861 0.001038532 -0.055397111 -0.278180193 -0.001243989 0.999992475 -0.003674443 -0.082186966 0.055392878 0.003737712 0.998457640 10.011861778
0.998345659 0.000809946 -0.057491639 -0.326652086 -0.000966311 0.999995910 -0.002692051 -0.093060442 0.057489223 0.002743152 0.998342358 10.858337496
0.998298556 -0.000568594 -0.058306689 -0.389577966 0.000412331 0.999996292 -0.002692011 -0.107171339 0.058308004 0.002663389 0.998295088 11.718117842
0.998177074 0.001673348 -0.060330162 -0.445735313 -0.001986149 0.999984894 -0.005125229 -0.116813344 0.060320675 0.005235711 0.998165319 12.581532627
0.998073398 0.002118521 -0.062008100 -0.498293485 -0.002622775 0.999964144 -0.008051798 -0.123755511 0.061988819 0.008198919 0.998043167 13.456215631
0.997952312 0.006290057 -0.063652324 -0.565882653 -0.006940645 0.999925861 -0.010005009 -0.132917230 0.063584673 0.010426310 0.997921982 14.335051168
0.997858754 0.007103761 -0.065018800 -0.626713692 -0.007740157 0.999924525 -0.009541210 -0.149041240 0.064946114 0.010024036 0.997838424 15.228398105
0.997718272 0.006094782 -0.067239148 -0.659053316 -0.006664875 0.999943695 -0.008257515 -0.161691161 0.067185035 0.008686814 0.997702716 16.092587354
0.997598086 0.006675273 -0.068945621 -0.719594206 -0.007134650 0.999953947 -0.006418789 -0.181389768 0.068899599 0.006895275 0.997599770 16.998554088
0.997510174 0.005809171 -0.070283048 -0.780164041 -0.006268926 0.999960361 -0.006322671 -0.195686382 0.070243533 0.006747528 0.997507051 17.911686254
0.997366821 0.005911140 -0.072280581 -0.847508734 -0.006474149 0.999950484 -0.007557409 -0.207245199 0.072232329 0.008005464 0.997355705 18.817676196
0.997256065 0.003832016 -0.073930080 -0.901953400 -0.004453665 0.999956087 -0.008245575 -0.221983884 0.073895236 0.008552209 0.997229339 19.720990157
0.997188138 0.004036953 -0.074829944 -0.971265164 -0.004534293 0.999968740 -0.006477577 -0.236069717 0.074801455 0.006798664 0.997175271 20.646082339
0.997175925 0.005629394 -0.074889810 -1.042589071 -0.005881186 0.999977769 -0.003142062 -0.250722839 0.074870457 0.003573630 0.997186865 21.564514470
0.997237608 0.006658481 -0.073978499 -1.117368774 -0.006627934 0.999977818 0.000658416 -0.263638330 0.073981242 -0.000166273 0.997259619 22.500434298
0.997367180 0.005400721 -0.072315561 -1.192219413 -0.005154755 0.999980279 0.003587487 -0.272028904 0.072333509 -0.003205273 0.997375350 23.453119606
0.997482374 0.005954459 -0.070664404 -1.264147191 -0.005664277 0.999974686 0.004306160 -0.281443694 0.070688256 -0.003895055 0.997490852 24.388763547
0.997559998 0.006616428 -0.069500168 -1.327033742 -0.006536845 0.999977693 0.001372434 -0.292649877 0.069507698 -0.000914773 0.997580996 25.328122080
0.997626615 0.007547511 -0.068441018 -1.405001399 -0.007826484 0.999962119 -0.003808887 -0.295585284 0.068409678 0.004335499 0.997647893 26.274156291
0.997716854 0.007072335 -0.067164441 -1.473847534 -0.007557756 0.999947106 -0.006976000 -0.305167858 0.067111552 0.007467685 0.997717532 27.223449503
0.997782801 0.004780247 -0.066382459 -1.543025330 -0.005191832 0.999968347 -0.006029075 -0.317850855 0.066351538 0.006360354 0.997776037 28.192494066
0.997791465 0.002453856 -0.066378988 -1.613806720 -0.002505481 0.999996620 -0.000694507 -0.332072284 0.066377059 0.000859284 0.997794241 29.164737999
0.997709720 -0.002246955 -0.067603736 -1.674157436 0.002464419 0.999992054 0.003133516 -0.344874931 0.067596158 -0.003292943 0.997707330 30.148938115
0.997604754 -0.009073256 -0.068574273 -1.731960935 0.009265738 0.999953974 0.002489350 -0.359808341 0.068548531 -0.003118779 0.997642908 31.121204634
0.997468019 -0.009943823 -0.070417839 -1.784735124 0.009819423 0.999949557 -0.002112541 -0.367690988 0.070435293 0.001415730 0.997515346 32.077755061
0.997384674 -0.009301509 -0.071674917 -1.863194870 0.008883525 0.999941639 -0.006148240 -0.381659189 0.071727922 0.005495435 0.997409096 33.049022140
0.997234513 -0.008013317 -0.073885811 -1.939152933 0.007518878 0.999947458 -0.006967657 -0.394638411 0.073937763 0.006392849 0.997242367 34.058667702
0.997160613 -0.007819182 -0.074897072 -2.015524254 0.007415427 0.999956445 -0.005667378 -0.410298656 0.074938124 0.005095892 0.997175165 35.060113584
0.997066968 -0.004134105 -0.076422315 -2.088892425 0.003918522 0.999987910 -0.002970682 -0.431304607 0.076433672 0.002662507 0.997071113 36.053187156
0.996963983 -0.003833694 -0.077769654 -2.173252968 0.003704741 0.999991513 -0.001802357 -0.445291599 0.077775903 0.001508769 0.996969725 37.058410040
0.996853627 -0.002659255 -0.079219783 -2.243948241 0.002749725 0.999995686 0.001032956 -0.460137653 0.079216694 -0.001247538 0.996856639 38.081430060
0.996820234 -0.002908618 -0.079630150 -2.317567307 0.003247857 0.999986193 0.004130990 -0.471422095 0.079617035 -0.004376482 0.996815918 39.095361676
0.996778303 0.003104083 -0.080145994 -2.405050379 -0.002604700 0.999976543 0.006334715 -0.478635044 0.080163777 -0.006105550 0.996763006 40.107286402
0.996738565 0.003008758 -0.080642303 -2.485621830 -0.002559073 0.999980599 0.005679068 -0.486850819 0.080657826 -0.005454177 0.996726927 41.107794305
0.996663612 0.003141249 -0.081558430 -2.554439905 -0.002867057 0.999989839 0.003478800 -0.486118790 0.081568529 -0.003233361 0.996662491 42.103314157
0.996666068 0.005259576 -0.081419197 -2.647566001 -0.005183578 0.999985910 0.001144762 -0.493500568 0.081424071 -0.000718903 0.996679288 43.087729088
0.996576360 0.004789830 -0.082538571 -2.731457155 -0.004706687 0.999988201 0.001201876 -0.505532004 0.082543354 -0.000809278 0.996587146 44.077375506
0.996465766 0.002620236 -0.083958992 -2.810225008 -0.002425141 0.999994118 0.002425598 -0.516296065 0.083964853 -0.002213413 0.996466258 45.070099681
0.996316320 0.002491159 -0.085718053 -2.882963053 -0.002180803 0.999990725 0.003714100 -0.528060513 0.085726510 -0.003513484 0.996312512 46.073201478
0.996314996 0.005832140 -0.085571109 -2.974997940 -0.005847042 0.999982903 0.000076487 -0.550418918 0.085570092 0.000424133 0.996332063 47.036252788
0.996233809 0.003951001 -0.086617479 -3.087795136 -0.004350549 0.999980748 -0.004424495 -0.538280827 0.086598331 0.004784666 0.996231818 48.093978145
0.996154923 0.004792773 -0.087477986 -3.173171042 -0.005312820 0.999969567 -0.005713032 -0.552772599 0.087447943 0.006155819 0.996150071 49.068824627
0.996155630 0.003500118 -0.087531189 -3.261846335 -0.003674315 0.999991577 -0.001829073 -0.573626236 0.087524050 0.002143659 0.996160100 50.042831057
0.996120487 0.001567392 -0.087985897 -3.343412440 -0.001451887 0.999997998 0.001376742 -0.590349318 0.087987878 -0.001243655 0.996120769 51.012520134
0.996119034 -0.000178426 -0.088016124 -3.434634578 0.000363258 0.999997763 0.002083966 -0.604921802 0.088015555 -0.002107851 0.996116870 51.974032385
0.996083669 -0.003281474 -0.088354720 -3.516269397 0.003355506 0.999994133 0.000689388 -0.616640349 0.088351939 -0.000983163 0.996088836 52.936226511
0.996026347 -0.006005215 -0.088856368 -3.600094996 0.005986584 0.999981967 -0.000476169 -0.631837157 0.088857625 -0.000057669 0.996044336 53.894268030
0.995904673 -0.007527792 -0.090095589 -3.684259555 0.007624960 0.999970660 0.000734357 -0.644194683 0.090087418 -0.001418325 0.995932852 54.841843573
0.995771725 -0.010531244 -0.091256584 -3.768879912 0.011024663 0.999927199 0.004904527 -0.655174645 0.091198290 -0.005889862 0.995815335 55.807900780
0.995696967 -0.011332565 -0.091973493 -3.854223828 0.012295461 0.999875305 0.009909390 -0.663109202 0.091849726 -0.010997606 0.995712147 56.753184088
0.995666502 -0.009482443 -0.092511081 -3.946003798 0.010664552 0.999867578 0.012292037 -0.671708720 0.092382272 -0.013225358 0.995635780 57.688765069
0.995529427 -0.008475903 -0.094070823 -4.037684274 0.009296205 0.999922465 0.008285237 -0.678281243 0.093993304 -0.009122699 0.995531032 58.624255196
0.995395331 -0.007152420 -0.095587538 -4.128152958 0.007230998 0.999973743 0.000475682 -0.685475082 0.095581626 -0.001164685 0.995420914 59.543120839
0.995320263 -0.005469373 -0.096476219 -4.221546654 0.005061565 0.999977194 -0.004471257 -0.696153207 0.096498473 0.003962012 0.995325247 60.459149322
0.995232454 -0.000592842 -0.097529539 -4.320027945 0.000240983 0.999993421 -0.003619459 -0.710374567 0.097531043 0.003578700 0.995226049 61.370041575
0.995141094 0.002127659 -0.098436148 -4.415149417 -0.002260028 0.999996686 -0.001233237 -0.727861077 0.098433198 0.001449714 0.995142605 62.250803600
0.995005014 0.004268407 -0.099733661 -4.490157613 -0.004178975 0.999990657 0.001105612 -0.745859994 0.099737449 -0.000683305 0.995013555 62.921399195
0.994815231 0.003835973 -0.101626476 -4.564070250 -0.004142723 0.999987478 -0.002807528 -0.635518487 0.101614434 0.003213982 0.994818665 63.952096260
0.994621864 0.003396128 -0.103517219 -4.639991000 -0.004113854 0.999968954 -0.006720687 -0.529218758 0.103491181 0.007110397 0.994604956 64.983072095
0.994464059 0.004384616 -0.104985768 -4.727749953 -0.005047798 0.999968946 -0.006052001 -0.553579769 0.104955972 0.006548444 0.994455309 65.814681255
0.994028986 0.004828284 -0.109009458 -4.700108251 -0.005352399 0.999975479 -0.004515877 -0.601620312 0.108984981 0.005072375 0.994030455 66.560876369
0.994089632 0.004400729 -0.108473211 -4.891490086 -0.004887107 0.999979160 -0.004218415 -0.599175953 0.108452387 0.004723603 0.994090422 67.437352416
0.993988131 0.007652027 -0.109220157 -5.008273487 -0.008056797 0.999962213 -0.003265168 -0.576476307 0.109191045 0.004125502 0.994012221 68.236482219
0.993812559 0.009202397 -0.110688366 -5.098787174 -0.009163802 0.999957644 0.000857422 -0.592963030 0.110691568 0.000162210 0.993854793 69.026280078
0.993560171 0.012410424 -0.112624015 -5.183788655 -0.012178325 0.999922064 0.002748593 -0.610785674 0.112649349 -0.001359320 0.993633874 69.790451425
0.993364004 0.015050970 -0.114023783 -5.280200217 -0.015327072 0.999881340 -0.001545091 -0.625504967 0.113986997 0.003282489 0.993476819 70.537705031
0.993247629 0.014824578 -0.115062503 -5.376937201 -0.015957124 0.999832817 -0.008927981 -0.640999848 0.114910913 0.010703762 0.993318132 71.254011231
0.993080075 0.013736977 -0.116633015 -5.463445756 -0.015574831 0.999768264 -0.014860812 -0.656105430 0.116401844 0.016574515 0.993063893 71.966004986
0.993036375 0.014576131 -0.116902926 -5.560769046 -0.016587944 0.999730275 -0.016254790 -0.668580589 0.116634463 0.018080777 0.993010316 72.661699559
0.992921384 0.017340806 -0.117500731 -5.655545276 -0.018964974 0.999739250 -0.012718590 -0.688490895 0.117249542 0.014856958 0.992991347 73.337887631
0.992734337 0.017732490 -0.119013002 -5.722391749 -0.019081445 0.999765856 -0.010204499 -0.717952900 0.118804184 0.012401297 0.992840256 73.971011459
0.992660653 0.014509108 -0.120059622 -5.803235897 -0.016243982 0.999777132 -0.013484027 -0.739677093 0.119837223 0.015335309 0.992675107 74.608063205
0.992722128 0.006462613 -0.120253941 -5.863797956 -0.008772065 0.999786932 -0.018685347 -0.761001232 0.120107563 0.019604233 0.992567301 75.228156270
0.992943055 0.002294959 -0.118569908 -5.950120209 -0.005107914 0.999712535 -0.023425574 -0.781275437 0.118482063 0.023865906 0.992669340 75.830428414
0.993351897 0.004765899 -0.115018674 -6.036279511 -0.007539721 0.999690842 -0.023693293 -0.801206964 0.114870196 0.024402987 0.993080728 76.423865743
0.993784828 0.009770861 -0.110888443 -6.113348852 -0.012134550 0.999712895 -0.020661091 -0.821868217 0.110654730 0.021878260 0.993618072 76.997250201
0.994313245 0.008368971 -0.106165587 -6.173132807 -0.010278826 0.999794813 -0.017454991 -0.843290410 0.105997723 0.018446986 0.994195248 77.553588581
0.994933981 0.004766653 -0.100417396 -6.219519496 -0.006127820 0.999893425 -0.013251005 -0.862529292 0.100343531 0.013799215 0.994857154 78.096699419
0.995652058 0.000343115 -0.093149669 -6.239545867 -0.001097059 0.999967054 -0.008042815 -0.912262550 0.093143841 0.008110036 0.995619632 78.620021635
0.996670036 0.004087374 -0.081437911 -6.304269627 -0.004900081 0.999940148 -0.009782115 -0.901500692 0.081393054 0.010148594 0.996630411 79.134731908
0.997754226 0.009330040 -0.066328385 -6.341592370 -0.010035387 0.999896503 -0.010308941 -0.915517280 0.066225338 0.010951420 0.997744592 79.635166192
0.998728140 0.014479703 -0.048295344 -6.364063568 -0.014966173 0.999840692 -0.009726433 -0.928196387 0.048146815 0.010436859 0.998785741 80.125143122
0.999573157 0.012904478 -0.026210260 -6.363788198 -0.013148015 0.999871781 -0.009140683 -0.940562818 0.026088943 0.009481395 0.999614661 80.606843478
0.999955733 0.009409124 0.000035352 -6.344992243 -0.009408535 0.999923307 -0.008053558 -0.955394364 -0.000111127 0.008052869 0.999967569 81.073606868
0.999525367 0.008355563 0.029651733 -6.312520837 -0.008170749 0.999946466 -0.006348528 -0.969948819 -0.029703191 0.006103238 0.999540130 81.529885292
0.998000296 0.007986664 0.062702646 -6.263370728 -0.007704940 0.999959113 -0.004733533 -0.983570302 -0.062737887 0.004240947 0.998021028 81.979221064
0.994930116 0.007997975 0.100250166 -6.194568266 -0.007626275 0.999962553 -0.004090419 -0.995167177 -0.100279127 0.003305146 0.994953855 82.425286076
0.989861387 0.008228077 0.141798216 -6.107298281 -0.007727431 0.999961815 -0.004080993 -1.004825357 -0.141826380 0.002943881 0.989887171 82.859968629
0.982311526 0.007939352 0.187085628 -6.002240771 -0.007336252 0.999965422 -0.003915813 -1.016341047 -0.187110248 0.002474041 0.982335805 83.278672895
0.971602795 0.010165893 0.236399373 -5.880006193 -0.009039005 0.999942034 -0.005850190 -1.028971251 -0.236445142 0.003547245 0.971638365 83.679323713
0.957019266 0.011110361 0.289811464 -5.734416257 -0.009029382 0.999922966 -0.008516616 -1.042011182 -0.289883761 0.005533747 0.957045862 84.065052176
0.938032056 0.011386970 0.346361369 -5.566350642 -0.008266527 0.999910858 -0.010485257 -1.052371303 -0.346449889 0.006972302 0.938042569 84.439116593
0.914723817 0.011899995 0.403904357 -5.374171028 -0.007680472 0.999897713 -0.012065397 -1.062413294 -0.404006621 0.007934330 0.914721650 84.787952936
0.886577779 0.012014972 0.462423488 -5.161946646 -0.006352295 0.999884587 -0.013800730 -1.070266035 -0.462535934 0.009297970 0.886551780 85.120865847
0.853960876 0.010271008 0.520235840 -4.927679100 -0.002695607 0.999879073 -0.015315791 -1.083414156 -0.520330237 0.011676735 0.853885295 85.431492963
0.817735573 0.009746611 0.575511543 -4.678442238 -0.000782889 0.999874533 -0.015821041 -1.098595833 -0.575593537 0.012486866 0.817640605 85.722951171
0.778138346 0.008389607 0.628036885 -4.410017456 0.000692369 0.999898723 -0.014214955 -1.111779365 -0.628092537 0.011496035 0.778053730 86.003379992
0.735632975 0.008060872 0.677332377 -4.123658359 -0.000345267 0.999933524 -0.011525134 -1.123437039 -0.677380253 0.008244408 0.735586856 86.267045283
0.690895698 0.006883525 0.722921677 -3.819870155 0.001025432 0.999944334 -0.010501287 -1.133782357 -0.722953721 0.007996601 0.690850180 86.503092016
0.644448115 0.005812695 0.764625948 -3.501280448 0.004556640 0.999924157 -0.011441898 -1.141500409 -0.764634465 0.010857835 0.644372751 86.720791579
0.597789566 0.003107488 0.801647041 -3.172406815 0.010746192 0.999871573 -0.011889334 -1.150113589 -0.801581034 0.015721973 0.597679400 86.911509488
0.551160374 0.005207149 0.834383082 -2.842049041 0.009314897 0.999879816 -0.012393019 -1.160216522 -0.834347334 0.014602733 0.551045629 87.090288093
0.504006108 0.008165757 0.863661487 -2.504925390 0.005871628 0.999899805 -0.012880365 -1.170328891 -0.863680130 0.011562882 0.503907663 87.255896669
0.458621554 0.010338838 0.888571538 -2.159223537 0.005533578 0.999879702 -0.014490012 -1.179444916 -0.888614455 0.011562412 0.458509173 87.400875604
0.416535883 0.007705732 0.909086619 -1.803386632 0.013079580 0.999809787 -0.014467687 -1.186559010 -0.909025183 0.017916782 0.416355864 87.517224932
0.377397926 -0.000055842 0.926051188 -1.437087629 0.028289407 0.999533981 -0.011468640 -1.191604472 -0.925618990 0.030525680 0.377223631 87.608824487
0.342309416 -0.003787659 0.939579649 -1.072071908 0.032596414 0.999437794 -0.007846626 -1.196898109 -0.939021692 0.033312901 0.342240432 87.702480700
0.309341177 0.000435340 0.950951022 -0.705329450 0.029971945 0.999498621 -0.010207338 -1.204578677 -0.950478679 0.031659402 0.309173032 87.803269859
0.278221166 0.008239485 0.960481699 -0.338265270 0.019016428 0.999719961 -0.014084548 -1.220276077 -0.960328776 0.022183550 0.277986567 87.909374584
0.250105122 0.012715419 0.968135190 0.043632188 0.014501411 0.999752409 -0.016876928 -1.237556571 -0.968110085 0.018260332 0.249858807 87.997986533
0.224473106 0.014440383 0.974373286 0.436690004 0.015937010 0.999702072 -0.018487280 -1.252243137 -0.974349956 0.019678494 0.224176092 88.069360230
0.201076814 0.015759965 0.979448691 0.843085664 0.023392508 0.999508180 -0.020885122 -1.262461805 -0.979296127 0.027111275 0.200609256 88.127667615
0.180937505 0.022112832 0.983245972 1.262654550 0.030628143 0.999135600 -0.028106393 -1.261018565 -0.983017566 0.035200499 0.180103828 88.181587515
0.161261716 0.028935734 0.986487396 1.685115596 0.032739769 0.998863071 -0.034650729 -1.261433539 -0.986368474 0.037885206 0.160131023 88.236740688
0.143644516 0.029845341 0.989179210 2.122776082 0.030220377 0.998946700 -0.034528522 -1.274991220 -0.989167823 0.034853202 0.142591277 88.294589542
0.128110539 0.025487969 0.991432324 2.579732260 0.028392844 0.999165698 -0.029355637 -1.298052261 -0.991353386 0.031910350 0.127279980 88.348119322
0.113566474 0.022160535 0.993283226 3.048662228 0.028620608 0.999263342 -0.025566275 -1.318793445 -0.993118078 0.031331841 0.112848566 88.393737789
0.100413029 0.019573032 0.994753296 3.526442634 0.030919647 0.999262186 -0.022782861 -1.336295451 -0.994465283 0.033045117 0.099733752 88.429399861
0.088667967 0.018595945 0.995887635 4.034749881 0.034708449 0.999160837 -0.021747300 -1.351707068 -0.995456335 0.036494004 0.087948123 88.466480076
0.078701514 0.019253968 0.996712274 4.543666404 0.037896191 0.999033025 -0.022291125 -1.364493164 -0.996177670 0.039525944 0.077895759 88.495254129
0.070835634 0.020037548 0.997286724 5.074943713 0.039919831 0.998940295 -0.022906212 -1.376490994 -0.996688878 0.041434094 0.069960674 88.528051337
0.065215500 0.020352622 0.997663625 5.619700570 0.041473170 0.998872818 -0.023088318 -1.392760664 -0.997008984 0.042881990 0.064297903 88.559295972
0.059570260 0.021322339 0.997996364 6.172131304 0.042617619 0.998805946 -0.023883476 -1.410230168 -0.997313954 0.043954974 0.058590423 88.587893893
0.053688489 0.022160768 0.998311798 6.755719804 0.043075296 0.998771685 -0.024487535 -1.425333095 -0.997628220 0.044317275 0.052667961 88.615823516
0.051479762 0.021245696 0.998448023 7.182866001 0.044231307 0.998744117 -0.023532553 -1.469451902 -0.997694054 0.045374111 0.050475384 88.517335178
0.048481202 0.021175731 0.998599600 7.802524333 0.045630263 0.998684462 -0.023392843 -1.487329626 -0.997781265 0.046700476 0.047451169 88.544443782
0.045379580 0.020729079 0.998754724 8.436381950 0.046500929 0.998657100 -0.022839876 -1.504754559 -0.997886946 0.047479487 0.044354718 88.572799055
0.042904608 0.020136826 0.998876220 9.086321769 0.048161484 0.998592830 -0.022199788 -1.524254725 -0.997917665 0.049059834 0.041874414 88.601210607
0.043238482 0.020352529 0.998857451 9.709751393 0.053989646 0.998283942 -0.022677944 -1.518165799 -0.997604908 0.054908521 0.042065456 88.585776067
0.043078638 0.019093645 0.998889215 10.436152862 0.056193488 0.998188301 -0.021503678 -1.567815596 -0.997490112 0.057057419 0.041927654 88.654823618
0.045745372 0.019186590 0.998768860 11.133138185 0.057809775 0.998089104 -0.021821321 -1.583726860 -0.997278993 0.058736828 0.044548785 88.680075036
0.054523573 0.019192725 0.998328012 11.447307473 0.062414252 0.997794617 -0.022591218 -1.528719562 -0.996559903 0.063541650 0.053205428 88.454622677
0.059016045 0.018711008 0.998081662 12.181511572 0.062923627 0.997766357 -0.022425738 -1.548885207 -0.996271912 0.064126397 0.057706860 88.496176308
0.063082772 0.017010154 0.997863327 12.927460412 0.064315418 0.997707091 -0.021073373 -1.570282911 -0.995933778 0.065507364 0.061844114 88.543010338
0.066931605 0.015672186 0.997634474 13.683529323 0.063796833 0.997763393 -0.019954361 -1.589525254 -0.995715885 0.064981498 0.065782069 88.597348435
0.071117369 0.013426822 0.997377582 14.457561141 0.060779840 0.997993023 -0.017768975 -1.614205130 -0.995614449 0.061884133 0.070158558 88.655989200
0.075379858 0.012445194 0.997077226 15.257401905 0.059935146 0.998057697 -0.016988578 -1.633261390 -0.995352026 0.061040566 0.074487543 88.720483313
0.079727803 0.013442432 0.996726030 16.060588527 0.057300974 0.998193844 -0.018045714 -1.653647628 -0.995168366 0.058552118 0.078813538 88.783280360
0.083420040 0.017728815 0.996356756 16.864716228 0.054841362 0.998244821 -0.022354007 -1.679508188 -0.995004282 0.056506334 0.082301351 88.840876622
0.085309926 0.023495697 0.996077391 17.689362171 0.048538138 0.998436924 -0.027708446 -1.704103011 -0.995171476 0.050711547 0.084036142 88.903213449
0.084188701 0.026760242 0.996090434 18.479405547 0.046040959 0.998467221 -0.030715437 -1.730143927 -0.995385600 0.048446851 0.082827591 89.002496413
0.084266227 0.026308820 0.996095903 19.303740607 0.043192725 0.998615356 -0.030029316 -1.766773231 -0.995506701 0.045554553 0.083013199 89.079349606
0.084315051 0.024425172 0.996139741 20.108078012 0.040236391 0.998800701 -0.027896099 -1.804418768 -0.995626438 0.042433129 0.083231152 89.151734258
0.084290629 0.023270836 0.996169442 20.910939167 0.040986897 0.998800187 -0.026800387 -1.837328710 -0.995597893 0.043088916 0.083235697 89.214198446
0.084826257 0.022333828 0.996145424 21.711887231 0.038506054 0.998928460 -0.025675188 -1.874105138 -0.995651440 0.040535560 0.083875375 89.285473355
0.084725234 0.022765096 0.996144259 22.513348906 0.036397367 0.999001036 -0.025926094 -1.909205389 -0.995739357 0.038453622 0.083812007 89.360211857
0.086191690 0.023273869 0.996006686 23.302648607 0.032797506 0.999118952 -0.026184800 -1.945493784 -0.995738578 0.034923448 0.085352427 89.381654959
0.084811091 0.024910858 0.996085603 24.111670496 0.029792834 0.999177046 -0.027524863 -1.977242376 -0.995951538 0.032010627 0.083999130 89.460629077
0.081729331 0.024580261 0.996351407 24.915884682 0.026550794 0.999287333 -0.026830616 -2.010498394 -0.996300844 0.028646770 0.081018460 89.534590767
0.077964637 0.022767466 0.996696121 25.720875623 0.023672437 0.999415053 -0.024681305 -2.050516449 -0.996675038 0.025518495 0.077380071 89.599295606
0.073000391 0.020342806 0.997124422 26.532101634 0.021647482 0.999524095 -0.021976594 -2.082023665 -0.997096951 0.023189533 0.072525279 89.665681130
0.066623123 0.018339541 0.997609653 27.346991522 0.019193257 0.999622513 -0.019658323 -2.113022913 -0.997593594 0.020457077 0.066245978 89.730393779
0.059024005 0.018288202 0.998089028 28.138092900 0.018356559 0.999643231 -0.019402232 -2.146644317 -0.998087774 0.019466678 0.058667238 89.774538203
0.050971533 0.019328188 0.998513056 28.903889789 0.019411064 0.999604665 -0.020340203 -2.175736920 -0.998511449 0.020418972 0.050576202 89.806511095
0.040918996 0.019962616 0.998963027 29.712113435 0.019531177 0.999593379 -0.020775238 -2.199751954 -0.998971556 0.020361026 0.040512464 89.842863404
0.030387686 0.018477393 0.999367387 30.516795269 0.020959425 0.999597503 -0.019118959 -2.229399495 -0.999318413 0.021527146 0.029988179 89.868646943
0.020255272 0.017519808 0.999641326 31.314036305 0.020004406 0.999639192 -0.017925110 -2.256845436 -0.999594692 0.020360309 0.019897490 89.879615900
0.009234872 0.016533674 0.999820661 32.106510986 0.021297993 0.999633229 -0.016727294 -2.282982019 -0.999730520 0.021448648 0.008879350 89.884694124
-0.001834554 0.016822416 0.999856810 32.899701637 0.021714389 0.999623410 -0.016778647 -2.308887280 -0.999762532 0.021680499 -0.002199152 89.884484530
-0.012896278 0.017755466 0.999759186 33.672894643 0.021839044 0.999608832 -0.017471085 -2.333431321 -0.999678319 0.021608473 -0.013278996 89.874092834
-0.023645491 0.018940747 0.999540964 34.451029100 0.021422961 0.999600522 -0.018435086 -2.358537971 -0.999490844 0.020977221 -0.024041812 89.857093460
-0.033823484 0.020216317 0.999223335 35.200047455 0.022069068 0.999566722 -0.019476231 -2.381314141 -0.999184131 0.021393173 -0.034254984 89.831360137
-0.042676676 0.021025027 0.998867684 35.943590338 0.023988934 0.999511873 -0.020013658 -2.407311280 -0.998800897 0.023107655 -0.043160212 89.787038391
-0.052108778 0.021488064 0.998410205 36.687399725 0.024854582 0.999486690 -0.020214028 -2.434738755 -0.998332072 0.023761740 -0.052616107 89.742449357
-0.061325434 0.022010376 0.997875110 37.436899445 0.025671511 0.999460878 -0.020467684 -2.458185351 -0.997787635 0.024361773 -0.061857412 89.698857137
-0.069871034 0.021437313 0.997325664 38.176109246 0.026504641 0.999456010 -0.019626231 -2.483285207 -0.997203862 0.025062454 -0.070401213 89.649877938
-0.077365425 0.020255726 0.996797019 38.910289993 0.028379058 0.999433228 -0.018106683 -2.508503609 -0.996598826 0.026887329 -0.077896415 89.591277591
-0.082333871 0.018446086 0.996434080 39.635991061 0.031534134 0.999376280 -0.015894934 -2.534380962 -0.996105784 0.030112995 -0.082864199 89.523176429
-0.086210629 0.016786549 0.996135502 40.359228893 0.034591417 0.999305616 -0.013846254 -2.556576581 -0.995676233 0.033264044 -0.086731436 89.456865662
-0.088784026 0.015593032 0.995928840 41.066828589 0.036417783 0.999259735 -0.012398648 -2.577961141 -0.995384921 0.035168718 -0.089286166 89.389977814
-0.090420492 0.014624110 0.995796299 41.761060931 0.036805663 0.999258179 -0.011332916 -2.599633078 -0.995223331 0.035626216 -0.090891667 89.324218628
-0.090962534 0.014709521 0.995745674 42.435807566 0.037545422 0.999230677 -0.011331184 -2.625678501 -0.995146300 0.036354979 -0.091444830 89.252539107
-0.090728110 0.016428972 0.995740176 43.168549269 0.038797946 0.999163154 -0.012950325 -2.630907433 -0.995119656 0.037457715 -0.091289595 89.223594661
-0.087646840 0.018076129 0.995987593 43.814103653 0.039686180 0.999104933 -0.014640324 -2.649615003 -0.995360758 0.038243765 -0.088285763 89.166490411
-0.082390882 0.018620661 0.996426120 44.424857530 0.039914371 0.999084885 -0.015369971 -2.670748099 -0.995800475 0.038505377 -0.083058716 89.119719814
-0.074337163 0.019267610 0.997047013 45.041240516 0.038936495 0.999107024 -0.016404418 -2.690631589 -0.996472747 0.037602058 -0.075020995 89.080317863
-0.063154679 0.018838351 0.997825938 45.605916977 0.037241048 0.999169973 -0.016506655 -2.718869349 -0.997308674 0.036117611 -0.063803818 89.052996750
-0.049312625 0.019483349 0.998593343 46.172631545 0.036473953 0.999177956 -0.017693595 -2.735878621 -0.998117185 0.035550129 -0.049982723 89.034731845
-0.031836908 0.021297562 0.999266143 46.732359382 0.036083894 0.999145694 -0.020145351 -2.749685081 -0.998841511 0.035416048 -0.032578209 89.026178337
-0.010548163 0.024037941 0.999655397 47.263500001 0.034383070 0.999128566 -0.023662469 -2.769927366 -0.999353061 0.034121626 -0.011365469 89.035315599
0.014174939 0.027230164 0.999528684 47.788055082 0.032653336 0.999083338 -0.027681108 -2.788143083 -0.999366215 0.033030324 0.013272790 89.060394852
0.042670821 0.029123963 0.998664606 48.316437259 0.030585273 0.999068461 -0.030442585 -2.809029881 -0.998620920 0.031843440 0.041740307 89.100246241
0.075923044 0.028522345 0.996705657 48.838434321 0.028222720 0.999128839 -0.030741526 -2.830726295 -0.996714186 0.030463735 0.075051924 89.159400112
0.113933444 0.025863976 0.993151663 49.351382461 0.026819007 0.999216700 -0.029098575 -2.854831784 -0.993126332 0.029950642 0.113150554 89.240210176
0.156713645 0.021798185 0.987403500 49.841634568 0.024202794 0.999371414 -0.025903687 -2.883196222 -0.987347486 0.027957385 0.156087560 89.332020715
0.202319433 0.017438986 0.979164301 50.342252971 0.021291668 0.999526778 -0.022201026 -2.905521627 -0.979088102 0.025339740 0.201852386 89.454573260
0.251026154 0.014090364 0.967877746 50.820092241 0.016312025 0.999690489 -0.018784137 -2.928905658 -0.967842853 0.020503356 0.250718616 89.599428391
0.303162262 0.012365856 0.952858714 51.280718337 0.012347369 0.999780887 -0.016903243 -2.951917453 -0.952858954 0.016889723 0.302943149 89.764608851
0.358908013 0.011974793 0.933296117 51.736889942 0.011368078 0.999787447 -0.017199624 -2.968953845 -0.933303704 0.016782866 0.358695596 89.956494704
0.418739661 0.012852287 0.908015371 52.183703351 0.013531693 0.999700520 -0.020390287 -2.979731606 -0.908005501 0.020825207 0.418440344 90.161294087
0.478807820 0.016735232 0.877760220 52.601278909 0.013945568 0.999547164 -0.026664345 -2.989195780 -0.877808973 0.025007962 0.478357616 90.410696199
0.537881475 0.019882590 0.842785976 52.994953491 0.014817931 0.999344406 -0.033033115 -3.006548745 -0.842890235 0.030256245 0.537234225 90.690843289
0.595398714 0.024634477 0.803052622 53.371727330 0.009997508 0.999225267 -0.038064624 -3.017739400 -0.803368173 0.030692153 0.594691156 91.004832755
0.650115003 0.028580027 0.759298140 53.716866056 0.005050867 0.999107740 -0.041931054 -3.025151150 -0.759819039 0.031095121 0.649390577 91.343383744
0.701845090 0.030236171 0.711687603 54.038969410 0.002371232 0.998994019 -0.044780872 -3.036113441 -0.712325661 0.033116811 0.701067350 91.701436699
0.749463292 0.027782967 0.661462682 54.325597372 0.001676607 0.999036214 -0.043861499 -3.062556902 -0.662043777 0.033981597 0.748694389 92.074134801
0.792949067 0.024543711 0.608793384 54.576999839 -0.001198935 0.999249246 -0.038723466 -3.085418010 -0.609286747 0.029975832 0.792383183 92.467716344
0.832391026 0.019348355 0.553850901 54.803932750 -0.002082589 0.999492510 -0.031786547 -3.108056843 -0.554184844 0.025305393 0.832008891 92.881175727
0.866962141 0.017294709 0.498073829 55.003469664 -0.005209031 0.999657559 -0.025644298 -3.124473852 -0.498346779 0.019638153 0.866755347 93.312620328
0.896228470 0.013946705 0.443373453 55.182115347 -0.006392650 0.999807908 -0.018527837 -3.138279335 -0.443546687 0.013770844 0.896145468 93.755335312
0.919877109 0.014977734 0.391920618 55.321348078 -0.010706354 0.999857109 -0.013081894 -3.158103528 -0.392060553 0.007837694 0.919906024 94.190271839
0.938306631 0.016995233 0.345386490 55.444689300 -0.014618445 0.999848154 -0.009485225 -3.175389678 -0.345495248 0.003851036 0.938412597 94.638934681
0.952047786 0.022906685 0.305090638 55.546531072 -0.021917410 0.999737550 -0.006667696 -3.188987012 -0.305163302 -0.000338831 0.952299976 95.098659311
0.962608377 0.027220682 0.269525781 55.639436948 -0.026095731 0.999629355 -0.007756672 -3.195227577 -0.269637025 0.000433165 0.962961934 95.560402884
0.970753581 0.029066568 0.238312022 55.731781257 -0.028046370 0.999577187 -0.007671304 -3.200145521 -0.238434239 0.000763159 0.971158345 96.033581459
0.976091763 0.023513918 0.216083237 55.829912724 -0.022363653 0.999719730 -0.007767146 -3.207104159 -0.216205312 0.002749037 0.976344051 96.513042732
0.979525283 0.020299999 0.200295107 55.922150261 -0.019268877 0.999789154 -0.007096361 -3.218922828 -0.200396932 0.003091603 0.979709912 97.003008488
0.981987317 0.024530494 0.187347708 56.002553124 -0.023535268 0.999694611 -0.007535014 -3.226121962 -0.187475332 0.002990009 0.982264760 97.502422376
0.983645796 0.029864499 0.177620552 56.078583522 -0.029037372 0.999551998 -0.007254964 -3.228414958 -0.177757644 0.001978681 0.984072307 98.011170062
0.984513618 0.037026693 0.171353321 56.153250609 -0.036043952 0.999311073 -0.008843848 -3.227307357 -0.171562729 0.002530638 0.985169948 98.538259248
0.984724885 0.042831176 0.168767268 56.223547311 -0.041338544 0.999068873 -0.012349562 -3.239241492 -0.169139070 0.005184328 0.985578560 99.069757424
0.984821437 0.044071049 0.167882338 56.311757868 -0.042161132 0.998999330 -0.014925703 -3.254481064 -0.168372135 0.007621043 0.985694042 99.606318312
0.984453406 0.042592041 0.170403665 56.409476990 -0.040008488 0.999026797 -0.018568249 -3.268612752 -0.171028687 0.011461983 0.985199376 100.149704492
0.983858061 0.040637644 0.174275351 56.514038739 -0.036789997 0.999003887 -0.025253306 -3.273986968 -0.175127988 0.018434079 0.984373086 100.708526504
0.983104024 0.040727144 0.178459455 56.616671446 -0.035901222 0.998899230 -0.030189917 -3.285463081 -0.179492561 0.023272917 0.983484007 101.274911334
0.982077953 0.045625176 0.182869453 56.714161340 -0.040861510 0.998722256 -0.029735370 -3.304132702 -0.183992474 0.021730130 0.982687423 101.849753459
0.980772854 0.049259415 0.188833575 56.814242487 -0.045261041 0.998651447 -0.025430784 -3.327552662 -0.189831628 0.016395018 0.981679763 102.442800065
0.979961424 0.046532475 0.193675853 56.934425882 -0.043324951 0.998845185 -0.020766443 -3.348837752 -0.194418507 0.011959317 0.980845767 103.049833006
0.979351258 0.042442704 0.197660645 57.062509414 -0.040263981 0.999076023 -0.015030344 -3.368322048 -0.198115939 0.006761382 0.980155273 103.667817460
0.978656147 0.040135551 0.201547225 57.190172282 -0.038854012 0.999191686 -0.010312177 -3.385964298 -0.201798197 0.002261157 0.979424512 104.304187424
0.978158364 0.035756782 0.204762465 57.322738808 -0.034517542 0.999357773 -0.009621860 -3.398809894 -0.204975007 0.002343806 0.978764401 104.946651160
0.978174830 0.032244566 0.205266388 57.460091111 -0.030242265 0.999459541 -0.012885292 -3.412155548 -0.205570931 0.006396348 0.978621315 105.591567647
0.978323452 0.031383438 0.204690748 57.598055784 -0.027904948 0.999413294 -0.019859034 -3.429447023 -0.205193900 0.013716674 0.978625218 106.245553256
0.978466116 0.033403008 0.203686767 57.732292565 -0.028588391 0.999239011 -0.026534944 -3.445798500 -0.204418110 0.020140467 0.978676452 106.908686437
0.978918153 0.036201249 0.201019202 57.865262656 -0.030693736 0.999064953 -0.030448554 -3.460148652 -0.201933516 0.023636612 0.979113970 107.590993373
0.979495150 0.034670503 0.198462104 58.004803940 -0.030083630 0.999207044 -0.026081763 -3.479704013 -0.199209000 0.019576500 0.979761468 108.288748697
0.979927705 0.030665222 0.196980552 58.149646028 -0.027601280 0.999451823 -0.018281772 -3.501142152 -0.197433187 0.012477900 0.980236930 109.000838065
0.980399460 0.031212421 0.194531959 58.288951496 -0.029346740 0.999491555 -0.012465937 -3.524054481 -0.194822142 0.006512719 0.980816964 109.724684143
0.980669125 0.034469839 0.192613337 58.422889890 -0.032542485 0.999383684 -0.013162041 -3.543388249 -0.192948320 0.006639491 0.981186457 110.453910412
0.980911520 0.039896481 0.190317788 58.554550262 -0.037169312 0.999149027 -0.017879168 -3.559484919 -0.190869148 0.010463901 0.981559715 111.187497817
0.981648521 0.040532519 0.186341880 58.691474505 -0.036826880 0.999049845 -0.023306379 -3.573905311 -0.187109492 0.016016283 0.982208489 111.931285043
0.982503535 0.039007144 0.182113278 58.830537322 -0.034816882 0.999051506 -0.026150957 -3.595353408 -0.182960619 0.019352791 0.982929744 112.695051353
0.983304211 0.036797518 0.178209907 58.969520985 -0.032915351 0.999153057 -0.024693071 -3.618360915 -0.178967617 0.018414959 0.983682612 113.478802534
0.984012486 0.032926118 0.175029423 59.099263341 -0.029461945 0.999315904 -0.022354364 -3.646659100 -0.175645729 0.016840266 0.984309394 114.263815762
0.984423954 0.031385973 0.172986706 59.208895089 -0.028568277 0.999415884 -0.018754875 -3.715412496 -0.173474301 0.013520816 0.984745578 114.828979285
0.984816553 0.027871420 0.171346260 59.351860442 -0.025467008 0.999544148 -0.016215020 -3.738028624 -0.171720087 0.011605143 0.985077425 115.634988455
0.985004853 0.022507106 0.171052242 59.488703079 -0.020208134 0.999680705 -0.015169688 -3.755137077 -0.171339051 0.011485570 0.985145173 116.446098684
0.985101194 0.023095390 0.170417842 59.619394863 -0.021046816 0.999682998 -0.013817949 -3.771682232 -0.170682951 0.010025325 0.985274999 117.280687804
0.985016181 0.028141470 0.170150463 59.775752239 -0.025870007 0.999544327 -0.015552533 -3.795792788 -0.170510601 0.010917703 0.985295356 118.095533106
0.984687766 0.034676897 0.170843545 59.905793871 -0.032032755 0.999320916 -0.018210146 -3.834793139 -0.171358999 0.012458719 0.985129877 118.848199583
0.984318426 0.041211972 0.171519122 60.036187850 -0.038191888 0.999052421 -0.020871964 -3.875823445 -0.172216769 0.013994020 0.984959670 119.600697159
0.983532166 0.047090722 0.174490524 60.166531205 -0.044236021 0.998816550 -0.020215673 -3.900597096 -0.175235994 0.012163998 0.984451311 120.448052395
0.982849797 0.049584289 0.177616650 60.303825527 -0.047112273 0.998725402 -0.018110922 -3.927719926 -0.178288277 0.009432392 0.983933087 121.293765517
0.982292100 0.050403506 0.180448653 60.444852994 -0.047744791 0.998677893 -0.019049943 -3.954100215 -0.181170264 0.010097125 0.983399910 122.149352334
0.982059493 0.048828619 0.182139830 60.603223549 -0.045541474 0.998715989 -0.022188914 -3.974598678 -0.182989414 0.013495917 0.983022245 122.957216914
0.981725996 0.015190222 0.189692712 60.435500124 -0.012888703 0.999827672 -0.013360711 -4.186169233 -0.189862975 0.010671665 0.981752599 123.318972161
0.981801141 0.031991847 0.187197865 60.668441379 -0.028490254 0.999365685 -0.021366642 -4.053813107 -0.187762681 0.015644479 0.982089826 124.282619963
0.981548612 0.031363853 0.188622984 60.827538660 -0.027859724 0.999386994 -0.021200774 -4.085198711 -0.189172295 0.015554606 0.981820705 125.131300482
0.981102629 0.034183209 0.190444583 60.980638877 -0.031249339 0.999342461 -0.018388153 -4.110120333 -0.190947925 0.012089398 0.981525719 125.990937658
0.980738601 0.036561146 0.191872561 61.133246264 -0.034769244 0.999314685 -0.012698797 -4.133134779 -0.192205351 0.005782936 0.981337690 126.849068994
0.980455396 0.039970814 0.192638394 61.296208571 -0.039096817 0.999200641 -0.008337788 -4.161174112 -0.192817675 0.000643281 0.981234391 127.717956052
0.980207963 0.039342285 0.194021994 61.450236519 -0.037198042 0.999200025 -0.014683878 -4.189396387 -0.194444479 0.007176016 0.980887277 128.562048646
0.980431209 0.034594228 0.193798567 61.612077728 -0.029518980 0.999142985 -0.029015957 -4.218312780 -0.194636263 0.022727414 0.980612150 129.384376468
0.980681340 0.032026800 0.192972518 61.778959045 -0.025162877 0.998964045 -0.037916578 -4.249005454 -0.193986953 0.032328336 0.980471285 130.205893031
0.980922561 0.029185009 0.192195644 61.941751917 -0.024136643 0.999300732 -0.028556440 -4.277705515 -0.192894667 0.023372699 0.980941061 131.044608328
0.981228698 0.023262169 0.191439583 62.100826080 -0.022164087 0.999723326 -0.007875563 -4.304306245 -0.191569820 0.003484645 0.981472802 131.898977215
0.981483590 0.020486340 0.190447557 62.261855764 -0.022284967 0.999724955 0.007307126 -4.334044365 -0.190245479 -0.011415941 0.981670176 132.743130548
0.981541644 0.024903470 0.189620196 62.410277365 -0.025710717 0.999667808 0.001798024 -4.352288565 -0.189512429 -0.006640107 0.981855869 133.563707819
0.981552803 0.033275986 0.188273213 62.531282544 -0.030986650 0.999405872 -0.015090741 -4.350212226 -0.188663514 0.008978403 0.982000747 134.419524989
0.982017455 0.032851739 0.185909872 62.709854524 -0.029194936 0.999323298 -0.022374130 -4.380027456 -0.186519096 0.016544160 0.982312027 135.165549521
0.982656807 0.031685089 0.182706469 62.901995918 -0.026748109 0.999209093 -0.029423251 -4.234310529 -0.183494244 0.024025905 0.982727133 135.882184776
0.983164098 0.031581360 0.179974927 63.046097855 -0.027059450 0.999254782 -0.027525751 -4.276431462 -0.180710107 0.022192308 0.983286000 136.701084616
0.983838177 0.031246495 0.176312499 63.184282511 -0.026585343 0.999233380 -0.028737982 -4.307440540 -0.177075295 0.023586196 0.983914646 137.525145627
0.984763244 0.032516724 0.170833298 63.329168862 -0.027614032 0.999137938 -0.030997523 -4.328880608 -0.171693967 0.025807825 0.984812235 138.309083853
0.985142780 0.037661158 0.167556976 63.457473941 -0.032951852 0.998982288 -0.030798777 -4.369275385 -0.168546369 0.024819880 0.985381193 139.120471720
0.985255208 0.043806451 0.165387935 63.575005608 -0.039131151 0.998739862 -0.031423560 -4.397449548 -0.166556078 0.024488406 0.985727848 139.937118134
0.985468616 0.045340962 0.163694239 63.700585964 -0.041105892 0.998728936 -0.029168796 -4.436339955 -0.164808714 0.022016136 0.986079803 140.751326464
0.986203908 0.043340302 0.159760668 63.872686277 -0.039927522 0.998901878 -0.024511855 -4.459952876 -0.160647582 0.017794839 0.986851406 141.527068419
0.986398575 0.041664268 0.159002955 63.977365691 -0.038375111 0.998982262 -0.023702134 -4.512333837 -0.159828664 0.017277995 0.986993551 142.337573803
0.986947154 0.039794642 0.156050317 64.102458792 -0.036056867 0.998992692 -0.026711478 -4.544401132 -0.156956100 0.020736132 0.987387865 143.137805558
0.987981801 0.034940470 0.150569331 64.232125381 -0.030693170 0.999065194 -0.030441218 -4.577821469 -0.151492209 0.025453920 0.988130664 143.933076585
0.989258090 0.031885416 0.142659567 64.367383876 -0.027665640 0.999121859 -0.031466227 -4.608759195 -0.143537605 0.027181451 0.989271512 144.722312287
0.990239978 0.030199718 0.136061612 64.472752176 -0.026895634 0.999298574 -0.026057338 -4.639923246 -0.136753099 0.022143554 0.990357639 145.522583139
0.991160956 0.027845618 0.129709601 64.578241561 -0.025776600 0.999512730 -0.017603087 -4.670592330 -0.130136566 0.014104020 0.991395759 146.326921826
0.991721702 0.025006858 0.125947301 64.676960611 -0.024163200 0.999674216 -0.008222025 -4.692534920 -0.126111876 0.005110671 0.992002861 147.142563807
0.992006221 0.031883741 0.122094570 64.754103592 -0.031461566 0.999490458 -0.005384563 -4.716671897 -0.122204038 0.001500233 0.992503865 147.950940373
0.992534521 0.034565821 0.116963363 64.843933892 -0.033658384 0.999386078 -0.009725203 -4.742362553 -0.117227717 0.005715802 0.993088612 148.755031811
0.993421644 0.034666810 0.109140500 64.927840767 -0.032666841 0.999264962 -0.020060218 -4.761110424 -0.109755701 0.016362979 0.993823897 149.533837431
0.994253794 0.031285055 0.102374991 65.006978740 -0.028805823 0.999256978 -0.025606944 -4.778960233 -0.103100039 0.022510805 0.994416234 150.316950076
0.994955220 0.030433625 0.095592392 65.077944586 -0.028243190 0.999308473 -0.024184669 -4.808488226 -0.096262314 0.021362829 0.995126724 151.130810284
0.995420141 0.037388693 0.087981973 65.131612328 -0.035677051 0.999143803 -0.020947769 -4.836495382 -0.088689853 0.017712894 0.995901784 151.941430814
0.995892675 0.042929650 0.079717150 65.178570454 -0.041274811 0.998899108 -0.022292655 -4.866082450 -0.080586406 0.018910782 0.996568218 152.750989489
0.996536500 0.045591729 0.069544214 65.225420037 -0.043738024 0.998651994 -0.027949618 -4.896008384 -0.070724739 0.024811088 0.997187255 153.553082943
0.997180625 0.044092034 0.060718145 65.272022967 -0.042310695 0.998644391 -0.030318073 -4.923242592 -0.061972621 0.027663568 0.997694403 154.371188183
0.997633948 0.044335182 0.052544244 65.305290662 -0.042942107 0.998703087 -0.027351790 -4.953442901 -0.053688745 0.025030713 0.998243949 155.201100022
0.997874384 0.047484986 0.044630602 65.328092962 -0.046628296 0.998711177 -0.020044638 -4.985485871 -0.045524901 0.017920982 0.998802444 156.027011026
0.998006320 0.051442299 0.036566033 65.340095353 -0.050959195 0.998602269 -0.014023869 -5.013191243 -0.037236343 0.012132534 0.999232834 156.853701102
