1.000000000 0.000000000 0.000000000 0.000000000 0.000000000 1.000000000 0.000000000 0.000000000 0.000000000 0.000000000 1.000000000 0.000000000
0.999990880 -0.002650876 -0.003348554 -0.002426675 0.002643501 0.999994075 -0.002204936 -0.004410272 0.003354379 0.002196064 0.999991963 0.675046158
0.999970766 -0.001271978 -0.007539800 -0.012618804 0.001243081 0.999991869 -0.003836123 -0.006665257 0.007544618 0.003826639 0.999964217 1.371171384
0.999932401 -0.001203428 -0.011564851 -0.028471548 0.001140091 0.999984325 -0.005481711 -0.007361861 0.011571267 0.005468155 0.999918099 2.089870142
0.999861719 0.000307738 -0.016626722 -0.042091644 -0.000410256 0.999980926 -0.006162798 -0.011649826 0.016624509 0.006168767 0.999842774 2.820464273
0.999776812 -0.000842068 -0.021109642 -0.060463234 0.000706180 0.999978989 -0.006443886 -0.020561255 0.021114625 0.006427541 0.999756400 3.561900457
0.999669705 0.001032932 -0.025679051 -0.087038914 -0.001232157 0.999969258 -0.007743648 -0.029598570 0.025670263 0.007772731 0.999640246 4.318425120
0.999511553 0.003670393 -0.031035216 -0.113403334 -0.003933468 0.999956816 -0.008419865 -0.038975482 0.031002971 0.008537829 0.999482827 5.105607950
0.999356901 0.004163621 -0.035615300 -0.144442524 -0.004410183 0.999966833 -0.006847159 -0.048242291 0.035585609 0.006999825 0.999342117 5.903897638
0.999037740 0.003197884 -0.043742067 -0.096399486 -0.003288566 0.999992590 -0.002001311 -0.097857144 0.043735343 0.002143234 0.999040853 6.715563747
0.998857857 0.002816830 -0.047697452 -0.132604848 -0.002791862 0.999995929 0.000590072 -0.105233590 0.047698920 -0.000456233 0.998861655 7.532148164
0.998716567 0.004411627 -0.050455486 -0.176517187 -0.004420494 0.999990228 -0.000064148 -0.113264721 0.050454710 0.000287104 0.998726309 8.348921862
0.998348409 0.003813054 -0.057322907 -0.150394593 -0.003809496 0.999992729 0.000171359 -0.124930621 0.057323144 0.000047295 0.998355676 9.199170200
0.998215546 0.000725776 -0.059709273 -0.190337567 -0.000753044 0.999999622 -0.000434185 -0.129101333 0.059708935 0.000478373 0.998215715 10.038300799
0.998068988 0.000493650 -0.062113221 -0.238774093 -0.000467435 0.999999795 0.000436586 -0.135717156 0.062113423 -0.000406709 0.998069014 10.885076847
0.998038913 -0.000779973 -0.062591684 -0.309066840 0.000809727 0.999999571 0.000450003 -0.147750580 0.062591306 -0.000499803 0.998039117 11.742563809
0.997893751 0.001406543 -0.064854329 -0.365299116 -0.001543136 0.999996696 -0.002056110 -0.153714870 0.064851223 0.002151858 0.997892624 12.606681570
0.997819378 0.001859719 -0.065977503 -0.429552493 -0.002191107 0.999985345 -0.004950734 -0.157853761 0.065967330 0.005084502 0.997808829 13.480232123
0.997662731 0.006056101 -0.068061721 -0.495860043 -0.006535319 0.999955384 -0.006820480 -0.166692348 0.068017379 0.007249344 0.997657799 14.357285110
0.997572035 0.006932874 -0.069296252 -0.563128632 -0.007389898 0.999952589 -0.006341046 -0.180469565 0.069249005 0.006837742 0.997575972 15.247855860
0.997420622 0.005831003 -0.071540906 -0.616275345 -0.006188300 0.999969458 -0.004773677 -0.193651978 0.071510886 0.005204080 0.997426243 16.153897671
0.997313810 0.006379173 -0.072968966 -0.684647959 -0.006610434 0.999973863 -0.002928231 -0.210010720 0.072948379 0.003402722 0.997329913 17.057276377
0.997202654 0.005531957 -0.074540355 -0.745206383 -0.005755507 0.999979560 -0.002784570 -0.221786955 0.074523428 0.003205799 0.997214110 17.971635387
0.997052438 0.005341856 -0.076536920 -0.817239426 -0.005645386 0.999977033 -0.003749990 -0.232899749 0.076515130 0.004171017 0.997059696 18.878235954
0.996926657 0.003641153 -0.078255877 -0.874668495 -0.004031450 0.999980209 -0.004830045 -0.240369076 0.078236742 0.005130686 0.996921606 19.782607647
0.996836222 0.003663340 -0.079398531 -0.944605335 -0.003923411 0.999987437 -0.003119760 -0.249882942 0.079386104 0.003421402 0.996838071 20.714393671
0.996833346 0.005413792 -0.079334549 -1.020800255 -0.005421611 0.999985296 0.000116843 -0.261002580 0.079334016 0.000313648 0.996848040 21.626091867
0.996903466 0.006497913 -0.078366170 -1.099465661 -0.006204516 0.999972804 0.003986821 -0.272061898 0.078389945 -0.003488252 0.996916671 22.557095154
0.997036466 0.005081970 -0.076762355 -1.178958613 -0.004564722 0.999965691 0.006912257 -0.276189909 0.076794850 -0.006541373 0.997025457 23.513361948
0.997157348 0.005608037 -0.075138366 -1.255223003 -0.005046584 0.999957927 0.007660033 -0.282339594 0.075178162 -0.007259066 0.997143696 24.450335832
0.997244001 0.006066689 -0.073943212 -1.324559261 -0.005740286 0.999972824 0.004625951 -0.287798883 0.073969267 -0.004188747 0.997251724 25.390087558
0.997319261 0.007677538 -0.072769133 -1.406528598 -0.007767385 0.999969380 -0.000951786 -0.288252810 0.072759598 0.001514460 0.997348358 26.326051968
0.997412384 0.007206004 -0.071530477 -1.478290311 -0.007515520 0.999963521 -0.004058847 -0.296565794 0.071498619 0.004585933 0.997430156 27.273609160
0.997481866 0.004951181 -0.070748938 -1.551150186 -0.005186351 0.999981619 -0.003140699 -0.305845249 0.070732087 0.003499720 0.997489210 28.242395956
0.997482797 0.002960250 -0.070847064 -1.613130342 -0.002794215 0.999993113 0.002442561 -0.325521375 0.070853807 -0.002238450 0.997484199 29.192547501
0.997413412 -0.000881949 -0.071872864 -1.679961683 0.001315970 0.999981184 0.005991596 -0.335853070 0.071866228 -0.006070681 0.997395805 30.174806128
0.997296027 -0.008717286 -0.072970157 -1.744968230 0.009137799 0.999943501 0.005430955 -0.341616570 0.072918691 -0.006083056 0.997319338 31.162225292
0.997187516 -0.009601257 -0.074329494 -1.823942984 0.009698613 0.999952517 0.000948955 -0.348211790 0.074316853 -0.001667180 0.997233286 32.130625438
0.997101720 -0.009006965 -0.075544918 -1.907700789 0.008800835 0.999956587 -0.003061052 -0.359630549 0.075569209 0.002387322 0.997137701 33.100962780
0.996944981 -0.007676846 -0.077728823 -1.987469495 0.007397486 0.999965106 -0.003881336 -0.369458744 0.077755907 0.003294480 0.996966983 34.109041072
0.996869192 -0.007434277 -0.078718143 -2.068050009 0.007253747 0.999970365 -0.002579068 -0.382462723 0.078734984 0.001999992 0.996893576 35.108974692
0.996761437 -0.003911251 -0.080320231 -2.143916785 0.003938031 0.999992231 0.000175009 -0.399870017 0.080318923 -0.000490746 0.996769096 36.102880261
0.996637586 -0.003694865 -0.081852734 -2.228884390 0.003819886 0.999991765 0.001370849 -0.410742660 0.081846995 -0.001678908 0.996643492 37.113015841
0.996536915 -0.002349071 -0.083118349 -2.306595266 0.002706903 0.999987547 0.004192657 -0.423361060 0.083107465 -0.004403131 0.996530863 38.128608840
0.996512100 -0.002369288 -0.083414754 -2.385699489 0.002974968 0.999970102 0.007137521 -0.430411857 0.083395350 -0.007360782 0.996489355 39.141265419
0.996494099 0.003724580 -0.083580132 -2.488300548 -0.002942591 0.999950759 0.009477397 -0.438623237 0.083611315 -0.009198228 0.996455990 40.143877147
0.996454026 0.003608107 -0.084061623 -2.571710369 -0.002866779 0.999955947 0.008937896 -0.445817708 0.084090169 -0.008665216 0.996420472 41.140456010
0.996439103 0.003908419 -0.084224928 -2.654963716 -0.003320349 0.999969132 0.007121078 -0.449686266 0.084250160 -0.006816065 0.996421322 42.131205269
0.996439521 0.005974187 -0.084098693 -2.750712291 -0.005588390 0.999972758 0.004822096 -0.453817848 0.084125210 -0.004334951 0.996445762 43.115316984
0.996348556 0.005543504 -0.085198734 -2.837903553 -0.005152349 0.999975157 0.004810284 -0.461166566 0.085223283 -0.004353746 0.996352366 44.104024819
0.996143970 0.004929118 -0.087595063 -2.881829094 -0.004394084 0.999970502 0.006299808 -0.488521121 0.087623532 -0.005890616 0.996136244 45.042190583
0.995994637 0.004836996 -0.089282060 -2.959826377 -0.004180069 0.999962811 0.007543386 -0.495799057 0.089315227 -0.007139967 0.995977817 46.046259014
0.996011434 0.007574552 -0.088903601 -3.071221679 -0.007277592 0.999966806 0.003663926 -0.504339772 0.088928403 -0.003002308 0.996033496 47.053497513
0.995924833 0.008171789 -0.089816191 -3.160931668 -0.008243952 0.999965925 -0.000432513 -0.517737209 0.089809596 0.001171191 0.995958265 48.015660305
0.995836530 0.008992885 -0.090712362 -3.248872412 -0.009186960 0.999956316 -0.001722124 -0.528128353 0.090692912 0.002548325 0.995875646 48.990604800
0.995844544 0.007873090 -0.090728492 -3.340794617 -0.007710554 0.999967979 0.002141834 -0.545913743 0.090742449 -0.001433367 0.995873362 49.963612455
0.995820145 0.005980447 -0.091139858 -3.425763292 -0.005514094 0.999970390 0.005367840 -0.559314453 0.091169262 -0.004842850 0.995823635 50.931947200
0.995820692 0.004222006 -0.091232254 -3.518473179 -0.003682073 0.999974703 0.006085730 -0.570596296 0.091255640 -0.005724372 0.995811046 51.898689838
0.995798160 0.001114341 -0.091568463 -3.602862017 -0.000686431 0.999988698 0.004704469 -0.578498909 0.091572671 -0.004621847 0.995787670 52.859280014
0.995754739 -0.001676100 -0.092030926 -3.692652075 0.001983687 0.999992748 0.003250846 -0.585604940 0.092024810 -0.003419605 0.995750843 53.823162087
0.995634162 -0.003201900 -0.093286454 -3.779791959 0.003634644 0.999983407 0.004469345 -0.594364929 0.093270595 -0.004788896 0.995629280 54.774449247
0.995517524 -0.006175650 -0.094375428 -3.867894688 0.007021682 0.999938064 0.008635091 -0.601717993 0.094316255 -0.009259059 0.995499228 55.735591398
0.995449060 -0.006951921 -0.095041252 -3.956896587 0.008282578 0.999873027 0.013613526 -0.605620997 0.094934544 -0.014338758 0.995380245 56.683501147
0.995413049 -0.005068597 -0.095536230 -4.052498613 0.006625833 0.999850202 0.015989772 -0.610869572 0.095440874 -0.016549435 0.995297521 57.615983846
0.995266606 -0.004064568 -0.097097183 -4.147574859 0.005253055 0.999914347 0.011987692 -0.613956779 0.097040141 -0.012441006 0.995202709 58.551311148
0.995118091 -0.002770062 -0.098652478 -4.240273024 0.003198990 0.999986105 0.004189953 -0.617784800 0.098639500 -0.004485086 0.995113126 59.469121470
0.995026994 -0.001056828 -0.099600022 -4.335565074 0.000985893 0.999999224 -0.000761411 -0.625372311 0.099600750 0.000659430 0.995027264 60.383787926
0.994914169 0.003712984 -0.100657883 -4.437501596 -0.003721646 0.999993069 0.000101727 -0.635241799 0.100657563 0.000273404 0.994921092 61.297831398
0.994806125 0.006747030 -0.101564021 -4.531961801 -0.006536719 0.999975747 0.002403394 -0.650423016 0.101577774 -0.001727016 0.994826102 62.173566821
0.994628455 0.009160835 -0.103103419 -4.616634867 -0.008767001 0.999952442 0.004272318 -0.666622822 0.103137654 -0.003345461 0.994661466 63.068786472
0.993918779 0.016168103 -0.108922234 -4.298122240 -0.015914506 0.999868245 0.003197207 -0.668715662 0.108959576 -0.001444320 0.994045132 63.284682206
0.993124925 0.023163304 -0.114744693 -3.980907946 -0.023067373 0.999731571 0.002163963 -0.673427693 0.114764016 0.000497773 0.993392658 63.502440167
0.992930485 0.024196635 -0.116204881 -4.078015492 -0.024028994 0.999707218 0.002843517 -0.690360189 0.116239662 -0.000031129 0.993221194 64.332821421
0.992651160 0.024625897 -0.118478860 -4.137497858 -0.024343600 0.999696316 0.003829507 -0.720227252 0.118537185 -0.000917162 0.992949190 65.099569116
0.992558146 0.024449453 -0.119291872 -4.258773656 -0.024051465 0.999699318 0.004775042 -0.724138105 0.119372750 -0.001870363 0.992847747 65.938411147
0.992438797 0.026898617 -0.119756831 -4.412476789 -0.026149546 0.999627437 0.007822274 -0.737825763 0.119922622 -0.004631541 0.992772438 66.735020037
0.992224422 0.028552493 -0.121142277 -4.511472169 -0.027299105 0.999555355 0.011993820 -0.746001061 0.121430865 -0.008593485 0.992562692 67.523496873
0.991883627 0.031742489 -0.123123044 -4.599474539 -0.030263097 0.999445763 0.013867638 -0.754733938 0.123494998 -0.010028998 0.992294515 68.278958214
0.991593804 0.034393961 -0.124734848 -4.694389474 -0.033438374 0.999393250 0.009747134 -0.764531436 0.124994408 -0.005494268 0.992142233 69.012294502
0.991386507 0.034515341 -0.126338769 -4.779565058 -0.034471033 0.999402476 0.002537617 -0.778476441 0.126350866 0.001839268 0.991983909 69.715570496
0.991207297 0.033364635 -0.128042557 -4.874159944 -0.034077957 0.999413450 -0.003383682 -0.785029843 0.127854558 0.007717359 0.991762902 70.426655394
0.991142397 0.034375976 -0.128277206 -4.980057692 -0.035269857 0.999366761 -0.004702646 -0.791481712 0.128034318 0.009185311 0.991727202 71.121098929
0.990967468 0.037139441 -0.128857052 -5.082393236 -0.037614538 0.999291535 -0.001254529 -0.801221535 0.128719169 0.006090096 0.991662385 71.796428544
0.990877695 0.037365342 -0.129480595 -5.190811221 -0.037527258 0.999294896 0.001189928 -0.818682437 0.129433760 0.003679979 0.991581242 72.454243785
0.990830000 0.034078418 -0.130746211 -5.275170384 -0.034656048 0.999396998 -0.002144484 -0.831319633 0.130594291 0.006655966 0.991413551 73.091283961
0.991038999 0.025980511 -0.131021812 -5.342213190 -0.027162302 0.999604815 -0.007240450 -0.848041599 0.130781924 0.010734423 0.991353045 73.711274173
0.991365851 0.021806529 -0.129298972 -5.438775920 -0.023562342 0.999649562 -0.012065175 -0.860323106 0.128990561 0.015007589 0.991532252 74.311094716
0.991746811 0.024254845 -0.125896648 -5.527643765 -0.026030634 0.999583254 -0.012478975 -0.871092622 0.125541506 0.015653153 0.991964873 74.903932895
0.992131623 0.029291372 -0.121724514 -5.610906245 -0.030678080 0.999483852 -0.009533332 -0.884860319 0.121382442 0.013192594 0.992518140 75.477384761
0.992753737 0.027859261 -0.116892595 -5.679501928 -0.028807514 0.999564295 -0.006430221 -0.899771127 0.116662523 0.009751012 0.993123745 76.035194003
0.993509688 0.024277287 -0.111126561 -5.729648272 -0.024699220 0.999691995 -0.002421612 -0.909781032 0.111033543 0.005150634 0.993803312 76.588109794
0.994485004 0.019959538 -0.102962102 -5.774642397 -0.019953466 0.999800317 0.001089040 -0.927784443 0.102963278 0.000971416 0.994684684 77.112335474
0.995460364 0.023591374 -0.092206893 -5.823619116 -0.023614497 0.999720786 0.000840403 -0.940165693 0.092200974 0.001340831 0.995739515 77.622216385
0.996604023 0.028819152 -0.077135450 -5.866348204 -0.028902671 0.999582230 0.000033638 -0.949021083 0.077104195 0.002195897 0.997020622 78.122330265
0.997675648 0.033916347 -0.059101469 -5.894754136 -0.033951967 0.999423385 0.000401675 -0.958307616 0.059081013 0.001605869 0.998251900 78.614111961
0.998790856 0.032338201 -0.037027906 -5.899604015 -0.032337835 0.999476810 0.000608945 -0.966841678 0.037028225 0.000589194 0.999314046 79.095781226
0.999524884 0.028877867 -0.010773770 -5.886036322 -0.028866968 0.999582582 0.001165802 -0.977447703 0.010802939 -0.000854242 0.999941282 79.563226344
0.999435057 0.027824490 0.018851143 -5.858286220 -0.027872936 0.999608801 0.002312014 -0.988679521 -0.018779438 -0.002836144 0.999819628 80.020605014
0.998272473 0.027479299 0.051932249 -5.814107535 -0.027686497 0.999611292 0.003274476 -0.999167971 -0.051822082 -0.004706642 0.998645242 80.470592700
0.995605852 0.027494670 0.089515528 -5.750405073 -0.027890510 0.999605945 0.003173968 -1.008175150 -0.089392987 -0.005656654 0.995980369 80.917179694
0.990971175 0.027723969 0.131177404 -5.669315891 -0.028275760 0.999597409 0.002345336 -1.015522893 -0.131059571 -0.006033301 0.991356136 81.351993600
0.983903076 0.027403909 0.176589247 -5.569752183 -0.028130294 0.999602967 0.001610823 -1.025876386 -0.176474993 -0.006552401 0.984283314 81.771292218
0.973713056 0.029588929 0.225848136 -5.451103896 -0.030064312 0.999547075 -0.001335030 -1.037794974 -0.225785346 -0.005490032 0.974161607 82.171623779
0.959705833 0.030500304 0.279346462 -5.310036282 -0.030266707 0.999528588 -0.005150559 -1.050505589 -0.279371868 -0.003511877 0.960176560 82.557886683
0.941322466 0.030773121 0.336102707 -5.146850239 -0.029682409 0.999524221 -0.008383631 -1.060653532 -0.336200787 -0.002084638 0.941788026 82.934005346
0.918611862 0.031358534 0.393914824 -4.958891396 -0.029241911 0.999507629 -0.011375880 -1.070319299 -0.394077603 -0.001068804 0.919076548 83.285640818
0.891139020 0.031370769 0.452644586 -4.750327422 -0.027870869 0.999507793 -0.014400944 -1.080569005 -0.452873560 0.000217645 0.891574726 83.620110441
0.859213467 0.029644318 0.510757705 -4.519617525 -0.024152116 0.999557126 -0.017384693 -1.094858439 -0.511046861 0.002601283 0.859548916 83.933390103
0.823642642 0.029224814 0.566355638 -4.272713253 -0.022120318 0.999566879 -0.019409922 -1.111115371 -0.566677589 0.003458872 0.823932367 84.228405909
0.784682703 0.027766667 0.619275438 -4.007237409 -0.020364585 0.999611762 -0.019016013 -1.128836937 -0.619563023 0.002310249 0.784943516 84.511244215
0.742829572 0.027495525 0.668915707 -3.721544986 -0.021052311 0.999621497 -0.017710510 -1.143288966 -0.669149480 -0.000926331 0.743127254 84.776837108
0.698476290 0.026373387 0.715147060 -3.424288048 -0.019482517 0.999651075 -0.017837043 -1.159164552 -0.715367950 -0.001474113 0.698746394 85.017646956
0.652637160 0.025050296 0.757256377 -3.111905456 -0.015208682 0.999685050 -0.019962400 -1.171626647 -0.757517942 0.001511333 0.652812594 85.234964844
0.606552482 0.022305014 0.794730504 -2.785504977 -0.008519005 0.999731331 -0.021556738 -1.184941769 -0.794997807 0.006304980 0.606579536 85.428306302
0.560348697 0.024441718 0.827896093 -2.456734260 -0.009347488 0.999687451 -0.023186757 -1.199262355 -0.828204059 0.005253921 0.560402029 85.610407733
0.513454864 0.027441976 0.857677702 -2.121815482 -0.012182261 0.999620913 -0.024690547 -1.214365876 -0.858030125 0.002229028 0.513594525 85.779894151
0.468378987 0.029627734 0.883030760 -1.777718681 -0.011891063 0.999558461 -0.027230227 -1.228691136 -0.883447637 0.002253892 0.468524484 85.928661741
0.426673505 0.026930025 0.904004698 -1.423145228 -0.003711342 0.999600302 -0.028026104 -1.241355673 -0.904398112 0.008602926 0.426602911 86.049129050
0.388018617 0.019027319 0.921455107 -1.057288676 0.012114488 0.999595208 -0.025742180 -1.253088015 -0.921571914 0.021151402 0.387631044 86.145055408
0.353151270 0.015268826 0.935441630 -0.693474640 0.016948932 0.999598309 -0.022714651 -1.264084100 -0.935412697 0.023876444 0.352750622 86.243052529
0.320272586 0.019533759 0.947124017 -0.328928187 0.014823262 0.999561648 -0.025627774 -1.277921443 -0.947209450 0.022247341 0.319842640 86.347689368
0.289053293 0.027436734 0.956919756 0.036472930 0.004354882 0.999541185 -0.029974236 -1.299878591 -0.957303102 0.012831424 0.288801188 86.457979939
0.260868221 0.031963603 0.964845117 0.418033921 0.000240339 0.999449530 -0.033174967 -1.323663952 -0.965374390 0.008886184 0.260716939 86.552273949
0.235333844 0.033691173 0.971330472 0.809123186 0.002099324 0.999379045 -0.035172678 -1.345143128 -0.971912329 0.010316459 0.235116984 86.627879138
0.212077390 0.034950111 0.976627703 1.215616389 0.009972306 0.999230846 -0.037924513 -1.362376195 -0.977201992 0.017782162 0.211565737 86.691953047
0.192106165 0.041213253 0.980508383 1.629390454 0.017490988 0.998815312 -0.045409663 -1.368741211 -0.981218267 0.025873537 0.191157719 86.747797841
0.172472587 0.048015104 0.983843360 2.051642143 0.019893964 0.998437698 -0.052214871 -1.376820210 -0.984813402 0.028578178 0.171247922 86.808278853
0.154689187 0.049028479 0.986745896 2.490330526 0.017583040 0.998473069 -0.052367608 -1.397214358 -0.987806708 0.025450695 0.153590918 86.874915652
0.139111933 0.044717939 0.989266484 2.947574859 0.016024496 0.998747448 -0.047399893 -1.428661640 -0.990147002 0.022446387 0.138221106 86.934561453
0.124518340 0.041336797 0.991355866 3.416048998 0.016489743 0.998907603 -0.043722862 -1.459204927 -0.992080275 0.021791502 0.123700684 86.985396827
0.111404186 0.038733797 0.993020040 3.899230822 0.019004575 0.998974359 -0.041098122 -1.485482606 -0.993593445 0.023450426 0.110553806 87.028238730
0.099872270 0.037768677 0.994283187 4.399670626 0.023069000 0.998922811 -0.040262117 -1.509617031 -0.994732804 0.026958188 0.098893403 87.067227335
0.089826609 0.038281710 0.995221428 4.906276429 0.026430255 0.998817474 -0.040805574 -1.533470345 -0.995606660 0.029969383 0.088708592 87.103685501
0.082015355 0.038948127 0.995869733 5.435226842 0.028598327 0.998732650 -0.041415324 -1.556335854 -0.996220667 0.031876901 0.080797561 87.141244283
0.076440280 0.039310912 0.996298919 5.983260699 0.030270298 0.998670401 -0.041726949 -1.582062120 -0.996614566 0.033347885 0.075148692 87.179769316
0.070823774 0.040224476 0.996677473 6.529132824 0.031552775 0.998596228 -0.042544051 -1.610481531 -0.996989677 0.034461070 0.069455160 87.213050594
0.064907167 0.041128019 0.997043402 7.111585902 0.032062432 0.998548482 -0.043277356 -1.636455528 -0.997376088 0.034776647 0.063494289 87.248360138
0.060546979 0.041368053 0.997307750 7.701159146 0.034333052 0.998463299 -0.043500359 -1.663447673 -0.997574711 0.036874434 0.059033645 87.278700718
0.057583951 0.041302202 0.997485948 8.320600184 0.035803363 0.998415695 -0.043407594 -1.693583360 -0.997698455 0.038212933 0.056013963 87.311067001
0.054464208 0.040851782 0.997679699 8.957001569 0.036707090 0.998405446 -0.042885371 -1.723813315 -0.997840789 0.038957637 0.052877812 87.345284499
0.052006254 0.040395676 0.997829414 9.585122193 0.039361604 0.998322196 -0.042467129 -1.757570536 -0.997870740 0.041484723 0.050328959 87.385584727
0.051419157 0.039823045 0.997882857 10.254931131 0.044031334 0.998142595 -0.042102268 -1.790813489 -0.997706025 0.046102977 0.049570189 87.413727332
0.052727246 0.039486162 0.997827981 10.930941209 0.047546836 0.997985416 -0.042004863 -1.823189874 -0.997476384 0.049658364 0.050743580 87.439986566
0.055270504 0.039294715 0.997697899 11.620929561 0.049170043 0.997905833 -0.042026829 -1.857162309 -0.997259985 0.051379693 0.053222636 87.476010860
0.058756623 0.038953962 0.997512029 12.302399025 0.051053682 0.997813506 -0.041972958 -1.897066606 -0.996965988 0.053392851 0.056639409 87.525805081
0.083301130 0.044086200 0.995548758 12.380105223 0.050864250 0.997530635 -0.048429958 -1.473579519 -0.995225477 0.054672111 0.080853018 86.604732228
0.087580634 0.042386064 0.995255271 13.134046093 0.052314994 0.997519943 -0.047086135 -1.513700930 -0.994782777 0.056190607 0.085146002 86.668406922
0.091782689 0.040887806 0.994939257 13.894024840 0.052169766 0.997587003 -0.045809254 -1.552520004 -0.994411511 0.056110245 0.089428110 86.734496175
0.095683212 0.038845423 0.994653586 14.671169013 0.048694706 0.997859245 -0.043654928 -1.596933306 -0.994220070 0.052611408 0.093586811 86.816293730
0.099613080 0.038038935 0.994298885 15.463910779 0.047473412 0.997949342 -0.042934679 -1.635407896 -0.993893108 0.051479616 0.097602970 86.900534014
0.103765492 0.039221150 0.993828166 16.257642197 0.044574698 0.998034803 -0.044041203 -1.677619107 -0.993602445 0.048869548 0.101813301 86.987774540
0.106999003 0.043253693 0.993317840 17.046090900 0.042459335 0.997943106 -0.048028767 -1.724898860 -0.993352112 0.047314645 0.104942394 87.071155853
0.108285870 0.048839033 0.992919392 17.843331560 0.036621390 0.997918592 -0.053078788 -1.770275553 -0.993445038 0.042109771 0.106271929 87.162888621
0.107883486 0.052251861 0.992789452 18.647780859 0.033715652 0.997851108 -0.056182043 -1.817858541 -0.993591671 0.039533658 0.105889950 87.259611856
0.107839904 0.051895610 0.992812873 19.454151571 0.031272812 0.997965378 -0.055561809 -1.871442483 -0.993676289 0.037039830 0.105997569 87.353495969
0.107867847 0.050040212 0.992905083 20.255412569 0.028266848 0.998174293 -0.053376640 -1.930717341 -0.993763308 0.033823920 0.106256433 87.442785746
0.107419817 0.048947705 0.993008109 21.063578874 0.029055509 0.998206173 -0.052347043 -1.982436016 -0.993789093 0.034475466 0.105804924 87.538159128
0.108602017 0.047939078 0.992928722 21.850809672 0.026572141 0.998339637 -0.051106659 -2.041964136 -0.993730106 0.031934529 0.107147854 87.603244724
0.108733317 0.048526336 0.992885824 22.659865970 0.024531698 0.998372626 -0.051481024 -2.096624399 -0.993768213 0.029954878 0.107365934 87.689319819
0.108752045 0.049196049 0.992850815 23.451495540 0.020814998 0.998442963 -0.051753115 -2.152251336 -0.993850959 0.026294444 0.107558699 87.774441777
0.107335437 0.050931225 0.992917476 24.258636503 0.017854544 0.998427232 -0.053143941 -2.204170272 -0.994062533 0.023432317 0.106257270 87.870918951
0.104464968 0.050611235 0.993239937 25.061374664 0.014799378 0.998514590 -0.052436547 -2.258570568 -0.994418448 0.020177116 0.103560780 87.959255779
0.100302105 0.048872104 0.993756009 25.862038145 0.011882793 0.998662818 -0.050312775 -2.318868441 -0.994886067 0.016855074 0.099587245 88.048104168
0.095244823 0.046414637 0.994371211 26.668851884 0.009938089 0.998818270 -0.047574123 -2.372541473 -0.995404269 0.014413338 0.094670997 88.132111864
0.088772756 0.044560108 0.995054669 27.480865024 0.007621823 0.998939174 -0.045414036 -2.423458133 -0.996022744 0.011615659 0.088338954 88.215539928
0.081145444 0.044552320 0.995706035 28.271690606 0.006995295 0.998950406 -0.045267572 -2.477288938 -0.996677723 0.010638514 0.080748618 88.278951565
0.072496334 0.045467710 0.996331756 29.073292439 0.006642919 0.998916172 -0.046069010 -2.525232817 -0.997346556 0.009958385 0.072115722 88.338464021
0.062422944 0.046139100 0.996982728 29.879622420 0.007027115 0.998885778 -0.046667151 -2.569808110 -0.998025048 0.009919014 0.062029166 88.393456870
0.052035856 0.044630025 0.997647448 30.684715757 0.008642379 0.998943342 -0.045138772 -2.620604878 -0.998607820 0.010970882 0.051595162 88.436686594
0.041809945 0.043628525 0.998172570 31.477967281 0.008099698 0.998998525 -0.044003895 -2.669369032 -0.999092750 0.009924697 0.041414695 88.464063664
0.030825549 0.042606072 0.998616297 32.268744139 0.009702404 0.999031259 -0.042923273 -2.716406800 -0.999477688 0.011012112 0.030382306 88.486104283
0.019852436 0.042809014 0.998886014 33.061186048 0.010305658 0.999021074 -0.043019623 -2.764164989 -0.999749806 0.011148222 0.019391827 88.502652365
0.008882023 0.043260392 0.999024348 33.840766343 0.011407671 0.998994360 -0.043360516 -2.813437996 -0.999895482 0.011781670 0.008379591 88.517592396
-0.001814350 0.044480760 0.999008594 34.614691701 0.011194339 0.998948545 -0.044457756 -2.858557948 -0.999935695 0.011102579 -0.002310375 88.518025065
-0.011163511 0.044449164 0.998949272 35.298297639 0.013075648 0.998932597 -0.044302298 -2.914709196 -0.999852191 0.012567340 -0.011732797 88.496227336
-0.020599244 0.045327177 0.998759790 36.074007235 0.014553009 0.998879516 -0.045032457 -2.956694123 -0.999681890 0.013607326 -0.021235810 88.482784511
-0.030072801 0.045853049 0.998495430 36.802277974 0.015087470 0.998854261 -0.045415121 -3.003270130 -0.999433837 0.013699010 -0.030730152 88.445899566
-0.039409014 0.046167180 0.998156061 37.545397615 0.016059539 0.998832307 -0.045564398 -3.048834861 -0.999094100 0.014234278 -0.040104420 88.416409161
-0.047713428 0.045578744 0.997820629 38.270024487 0.017593417 0.998841757 -0.044784112 -3.092643808 -0.998706113 0.015418271 -0.048460050 88.375563036
-0.054727160 0.044455784 0.997511214 38.994327372 0.019651970 0.998862830 -0.043437841 -3.135396379 -0.998307937 0.017225830 -0.055538570 88.332693460
-0.059794937 0.042583388 0.997301971 39.714573947 0.022803218 0.998887209 -0.041283870 -3.178880139 -0.997950189 0.020273128 -0.060699436 88.285066377
-0.063417345 0.040661864 0.997158389 40.417648712 0.026070982 0.998896128 -0.039074661 -3.222939282 -0.997646503 0.023518887 -0.064407435 88.230075706
-0.066123728 0.039583370 0.997025982 41.122982107 0.027768910 0.998898810 -0.037816063 -3.260347810 -0.997424955 0.025185785 -0.067150101 88.184470926
-0.067952946 0.038197956 0.996957027 41.806201318 0.027959534 0.998947245 -0.036368478 -3.305310176 -0.997296677 0.025403108 -0.068949405 88.139691910
-0.068776196 0.038641545 0.996883477 42.480218175 0.028616557 0.998914824 -0.036745994 -3.341941877 -0.997221604 0.026000123 -0.069807350 88.094363997
-0.067193618 0.039673306 0.996950875 43.123243981 0.029494915 0.998851419 -0.037761006 -3.380495973 -0.997303899 0.026867682 -0.068286602 88.045251059
-0.064007253 0.041432551 0.997088971 43.770170723 0.030439451 0.998753933 -0.039547703 -3.413228378 -0.997485093 0.027819501 -0.065188680 88.001811180
-0.058920495 0.041795716 0.997387334 44.399127801 0.030155165 0.998741696 -0.040071059 -3.450040942 -0.997807116 0.027715373 -0.060106711 87.970077342
-0.050785833 0.042570640 0.997801854 45.000333013 0.029235978 0.998726307 -0.041122037 -3.485412397 -0.998281552 0.027083296 -0.051965742 87.945234245
-0.039549288 0.042226523 0.998324984 45.556035550 0.027290119 0.998779616 -0.041164637 -3.526978748 -0.998844884 0.025616376 -0.040653389 87.930785887
-0.025872719 0.042851124 0.998746406 46.135922375 0.026051571 0.998770440 -0.042177285 -3.557266594 -0.999325732 0.024927672 -0.026957246 87.927175956
-0.008407193 0.044695103 0.998965298 46.703837144 0.025369127 0.998688588 -0.044469218 -3.583689197 -0.999642799 0.024969016 -0.009530043 87.931194272
0.012852006 0.047432365 0.998791768 47.234100721 0.023197831 0.998591275 -0.047721343 -3.616784753 -0.999648281 0.023783118 0.011733573 87.952446969
0.037622825 0.050539881 0.998013148 47.754139792 0.020708799 0.998466319 -0.051343504 -3.649613101 -0.999077409 0.022599341 0.036518504 87.987662492
0.065962538 0.052463432 0.996441936 48.281971134 0.017890676 0.998394112 -0.053750544 -3.682608317 -0.997661700 0.021372542 0.064918003 88.040613817
0.099113713 0.051817730 0.993726016 48.801728422 0.014603848 0.998459921 -0.053521159 -3.717356283 -0.994968944 0.019816905 0.098204332 88.112081489
0.136908235 0.048999085 0.989371126 49.305076917 0.012055673 0.998619476 -0.051125367 -3.755621600 -0.990510371 0.018927019 0.136128513 88.205424673
0.179186794 0.045268563 0.982773041 49.802957210 0.008692558 0.998828986 -0.047593028 -3.789260003 -0.983776668 0.017070854 0.178583464 88.315460210
0.224510699 0.040996906 0.973608854 50.300746050 0.004800643 0.999055972 -0.043175449 -3.821715588 -0.974459799 0.014367299 0.224101943 88.449442538
0.273032934 0.037758210 0.961263405 50.775915986 -0.001021326 0.999240255 -0.038959840 -3.854469754 -0.962004144 0.009655556 0.272864063 88.601751448
0.324841185 0.036162492 0.945076970 51.231500746 -0.005923319 0.999326925 -0.036202357 -3.886954081 -0.945750030 0.006162024 0.324836745 88.777822695
0.381294531 0.035489714 0.923772137 51.677177755 -0.008119730 0.999352858 -0.035041908 -3.916567001 -0.924417952 0.005860507 0.381335947 88.966685004
0.440947761 0.036101518 0.896806418 52.120101503 -0.007172505 0.999300556 -0.036700860 -3.937748156 -0.897504110 0.009750813 0.440898282 89.175427943
0.500690889 0.039056485 0.864744601 52.531844209 -0.007637047 0.999142033 -0.040704708 -3.964668503 -0.865592461 0.013776381 0.500559589 89.424745999
0.558936836 0.042028433 0.828144446 52.918138162 -0.007664411 0.998933884 -0.045523102 -3.987927342 -0.829174813 0.019097299 0.558663068 89.714397549
0.615258860 0.047062611 0.786919084 53.288181114 -0.013564283 0.998700621 -0.049123111 -4.001827693 -0.788208440 0.019549437 0.615097777 90.039601681
0.668811617 0.050816890 0.741693107 53.624212470 -0.019083235 0.998505859 -0.051204297 -4.014184071 -0.743186956 0.020092125 0.668782069 90.386187252
0.719218656 0.051953947 0.692838590 53.935139940 -0.022016088 0.998403694 -0.052013025 -4.031591983 -0.694434890 0.022155143 0.719214386 90.752565526
0.765538865 0.049469518 0.641485007 54.212302569 -0.023155428 0.998512152 -0.049369096 -4.058484300 -0.642972840 0.022940102 0.765545347 91.132817872
0.807636293 0.046467536 0.587847247 54.454994759 -0.026431457 0.998741085 -0.042633581 -4.080608656 -0.589088275 0.018894768 0.807847753 91.533250897
0.845615400 0.041546419 0.532173366 54.668672402 -0.027697490 0.999038527 -0.033983380 -4.102047380 -0.533073583 0.013997003 0.845953095 91.950618006
0.878753304 0.039479489 0.475640622 54.858230712 -0.030776906 0.999186122 -0.026074412 -4.118662854 -0.476282913 0.008274229 0.879253162 92.387112060
0.906637695 0.036236932 0.420351015 55.024331691 -0.031863174 0.999340334 -0.017425134 -4.132397081 -0.420705157 0.002404566 0.907194240 92.833655568
0.928958734 0.037244175 0.368304957 55.157347620 -0.035905109 0.999300140 -0.010490611 -4.149778824 -0.368437909 -0.003478685 0.929645850 93.278851391
0.946109132 0.039362428 0.321446899 55.268608094 -0.039640790 0.999197842 -0.005681621 -4.163417571 -0.321412690 -0.007366976 0.946910561 93.733617226
0.958660907 0.045405290 0.280905010 55.358407081 -0.046780322 0.998903558 -0.001812141 -4.173573762 -0.280679295 -0.011403598 0.959733865 94.196516253
0.968238997 0.049658068 0.245045548 55.440645157 -0.050718267 0.998711026 -0.001985982 -4.175909611 -0.244828311 -0.010505380 0.969509533 94.661334930
0.975568588 0.051436525 0.213588888 55.522016229 -0.052417713 0.998624673 -0.001070789 -4.177461904 -0.213350211 -0.010151213 0.976923047 95.134423894
0.980473617 0.045823951 0.191237160 55.607918176 -0.046568773 0.998914906 -0.000600169 -4.180769024 -0.191057152 -0.008317230 0.981543676 95.616706505
0.983581779 0.042601118 0.175362566 55.687560983 -0.043348052 0.999059939 0.000429303 -4.188242488 -0.175179426 -0.008023881 0.984503827 96.108904425
0.985620369 0.046834310 0.162354660 55.755224923 -0.047519013 0.998870278 0.000334495 -4.191564566 -0.162155579 -0.008044618 0.986732412 96.609550709
0.986907261 0.052163375 0.152620576 55.817361799 -0.052904267 0.998599272 0.000794765 -4.188406688 -0.152365339 -0.008858639 0.988284538 97.122655293
0.987373180 0.059795528 0.146692530 55.874831323 -0.060400448 0.998174171 -0.000331095 -4.188199850 -0.146444493 -0.008533380 0.989182082 97.646313305
0.987487531 0.065216507 0.143579882 55.940131663 -0.065338544 0.997855650 -0.003870058 -4.192664344 -0.143524388 -0.005559666 0.989631164 98.175061388
0.987546482 0.066407405 0.142625394 56.014595234 -0.066170772 0.997787743 -0.006406869 -4.203456087 -0.142735333 -0.003110551 0.989756005 98.712462186
0.987298521 0.064829385 0.145047516 56.098716187 -0.064041254 0.997896128 -0.010101226 -4.213145835 -0.145397211 0.000683900 0.989373126 99.258947815
0.986837871 0.062764232 0.149035790 56.185269307 -0.060908247 0.997998767 -0.016989620 -4.216700096 -0.149803875 0.007688492 0.988685838 99.823583309
0.986219657 0.062696859 0.153100918 56.274102340 -0.060023478 0.997953920 -0.022026270 -4.223384304 -0.154168639 0.012533091 0.987965056 100.392742493
0.985168686 0.067694924 0.157670725 56.353903463 -0.065063025 0.997642991 -0.021800572 -4.237002441 -0.158774882 0.011218706 0.987251071 100.979064019
0.983956623 0.071110261 0.163623636 56.441225461 -0.069093288 0.997447939 -0.017992417 -4.249374770 -0.164485504 0.006398463 0.986358747 101.568274503
0.983305674 0.068455565 0.168593556 56.545675100 -0.067141086 0.997652266 -0.013491851 -4.265363715 -0.169121335 0.001947060 0.985593315 102.182665383
0.982851830 0.064534763 0.172735478 56.657155986 -0.064139884 0.997909865 -0.007872581 -4.280264452 -0.172882492 -0.003341653 0.984936788 102.802003868
0.982282943 0.062323610 0.176737057 56.768545877 -0.062734309 0.998024911 -0.003268544 -4.292969153 -0.176591693 -0.007876842 0.984252676 103.441135016
0.981962941 0.057944168 0.179975710 56.884926372 -0.058431018 0.998288064 -0.002599668 -4.301765908 -0.179818238 -0.007963387 0.983667619 104.087375631
0.982089561 0.054355829 0.180403817 57.006106813 -0.054185385 0.998513601 -0.005876453 -4.310602690 -0.180455084 -0.004004047 0.983575076 104.734806454
0.982279064 0.053322020 0.179679168 57.126369972 -0.051859336 0.998571963 -0.012831393 -4.323137006 -0.180106775 0.003285966 0.983641577 105.392505942
0.982387219 0.055186928 0.178521021 57.243524104 -0.052545530 0.998428236 -0.019494231 -4.334637489 -0.179316255 0.009770402 0.983742964 106.059277985
0.982728659 0.057911941 0.175757192 57.359117600 -0.054648616 0.998232473 -0.023355053 -4.343821046 -0.176799073 0.013346793 0.984156467 106.744638160
0.983259086 0.056453199 0.173247242 57.481559543 -0.053993184 0.998362738 -0.018883311 -4.358571211 -0.174029614 0.009213016 0.984697321 107.446152215
0.983683953 0.052646179 0.172029822 57.607313216 -0.051504971 0.998611119 -0.011093690 -4.375826109 -0.172374933 0.002052294 0.985029274 108.167137836
0.984050772 0.053332892 0.169704685 57.727917270 -0.053219135 0.998569202 -0.005222319 -4.393257455 -0.169740393 -0.003892509 0.985481125 108.894330253
0.984206534 0.056575938 0.167739862 57.843719851 -0.056389877 0.998391533 -0.005876071 -4.406823456 -0.167802502 -0.003675563 0.985813781 109.626538115
0.984254503 0.062063487 0.165502858 57.953875658 -0.061162635 0.998072172 -0.010539036 -4.417797892 -0.165837887 0.000250503 0.986152997 110.376653672
0.984944028 0.062430775 0.161206887 58.074932278 -0.060671352 0.998032445 -0.015818515 -4.426721469 -0.161877265 0.005799713 0.986793856 111.109333173
0.985735965 0.060827643 0.156922292 58.193753090 -0.058637219 0.998106905 -0.018554879 -4.442303628 -0.157753872 0.009088725 0.987436636 111.876023477
0.986483349 0.058659701 0.153002099 58.313368839 -0.056721288 0.998245183 -0.017007331 -4.459032909 -0.153731254 0.008098973 0.988079505 112.663982926
0.987186782 0.054813055 0.149859225 58.423038862 -0.053224425 0.998475924 -0.014594140 -4.480957196 -0.150430777 0.006430971 0.988599628 113.452876473
0.987559368 0.053687187 0.147797770 58.531272545 -0.052554371 0.998551129 -0.011562015 -4.500384245 -0.148204362 0.003650757 0.988950019 114.255990255
0.987995383 0.050257742 0.146079710 58.650408194 -0.049503757 0.998735218 -0.008794470 -4.527463967 -0.146336941 0.001457402 0.989233732 115.063233411
0.988329506 0.045026720 0.145524506 58.770292079 -0.044432736 0.998985479 -0.007331109 -4.545523700 -0.145706964 0.000779500 0.989327485 115.870295496
0.988371343 0.045643760 0.145047357 58.882621599 -0.045247561 0.998957599 -0.006031054 -4.554592924 -0.145171440 -0.000602118 0.989406332 116.706987770
0.988107309 0.051334819 0.144943723 59.002325042 -0.050754740 0.998681467 -0.007699560 -4.573666820 -0.145147866 0.000251410 0.989409942 117.505449239
0.987577239 0.056956683 0.146448398 59.091999013 -0.055847936 0.998371027 -0.011674771 -4.581533394 -0.146874793 0.003350897 0.989149416 118.337226102
0.986010793 0.066156864 0.152990151 58.887565212 -0.064496718 0.997792919 -0.015794414 -4.438050328 -0.153697399 0.005706100 0.988101488 119.142797429
0.986049730 0.072296344 0.149930546 59.329185954 -0.071214790 0.997381704 -0.012577337 -4.621826916 -0.150447279 0.001724607 0.988616529 119.948306593
0.986037473 0.078445064 0.146889326 59.767250267 -0.077919234 0.996915929 -0.009339337 -4.804927994 -0.147168933 -0.002236568 0.989108843 120.755908835
0.985603289 0.078950334 0.149509203 59.882087229 -0.078255412 0.996877681 -0.010534700 -4.817647411 -0.149874106 -0.001316870 0.988704212 121.613955839
0.985433206 0.077456476 0.151399770 60.003658772 -0.076299147 0.996994285 -0.013447518 -4.835097571 -0.151986303 0.001699957 0.988381138 122.467553941
0.985639091 0.071432916 0.153012814 60.137259317 -0.070400741 0.997444668 -0.012160154 -4.856384975 -0.153490451 0.001213308 0.988149386 123.301964795
0.985920920 0.064414384 0.154307246 60.232136087 -0.063014286 0.997915089 -0.013952568 -4.875252236 -0.154884275 0.004032568 0.987924390 124.212396721
0.985726627 0.063811999 0.155791671 60.361731731 -0.062419076 0.997954317 -0.013821755 -4.900437198 -0.156354965 0.003900100 0.987693229 125.066518635
0.985244839 0.066703034 0.157617617 60.486718058 -0.065766830 0.997772678 -0.011153795 -4.917236788 -0.158010543 0.000623207 0.987437228 125.930159660
0.984809504 0.069269578 0.159223008 60.611587839 -0.069287835 0.997581858 -0.005443657 -4.934494131 -0.159215063 -0.005671253 0.987227634 126.791963011
0.984320107 0.072957035 0.160596381 60.743432003 -0.073693711 0.997279978 -0.001372315 -4.961139209 -0.160259676 -0.010484146 0.987019209 127.733773575
0.984219990 0.071906469 0.161680148 60.868605486 -0.071572083 0.997404151 -0.007899153 -4.980965757 -0.161828451 -0.003797281 0.986811600 128.576297901
0.984714670 0.066643083 0.160921464 61.004340528 -0.063904934 0.997710428 -0.022137337 -5.004539416 -0.162028323 0.011515285 0.986718917 129.407948047
0.985098695 0.063695052 0.159760763 61.144166792 -0.059502026 0.997749865 -0.030898459 -5.030855544 -0.161369358 0.020931943 0.986672075 130.233925796
0.985333335 0.061158013 0.159304477 61.278360703 -0.058458487 0.998056530 -0.021581680 -5.052487604 -0.160314766 0.011952450 0.986993574 131.078769362
0.985661140 0.055893505 0.159210657 61.408468702 -0.056479223 0.998403415 -0.000847247 -5.073158322 -0.159003820 -0.008156996 0.987244270 131.937814370
0.985889713 0.053621579 0.158575537 61.543088352 -0.056611417 0.998292517 0.014394355 -5.096852758 -0.157532924 -0.023168433 0.987241917 132.788006674
0.985776380 0.057944781 0.157757192 61.660609251 -0.060087241 0.998153974 0.008841244 -5.108677557 -0.156953665 -0.018194684 0.987438353 133.610879077
0.985671649 0.064690537 0.155777196 61.756685704 -0.064272424 0.997902492 -0.007724760 -5.103566329 -0.155950171 -0.002398101 0.987762013 134.465873657
0.985913574 0.065679729 0.153820019 61.910441893 -0.064168603 0.997829709 -0.014773683 -5.135621447 -0.154456516 0.004695159 0.987988431 135.193208699
0.986633843 0.061003635 0.151103329 62.054420393 -0.059340759 0.998117533 -0.015494010 -5.152367999 -0.151764073 0.006320329 0.988396540 135.986941458
0.987045363 0.060951651 0.148412760 62.171681621 -0.059603046 0.998130573 -0.013521717 -5.182415972 -0.148959484 0.004500695 0.988833058 136.810599470
0.987631751 0.060433133 0.144676745 62.283624678 -0.058939100 0.998154888 -0.014594613 -5.200807767 -0.145291798 0.005886986 0.989371334 137.638522729
0.988530940 0.061382162 0.137981200 62.416858984 -0.059606604 0.998077731 -0.016967502 -5.214757858 -0.138757465 0.008548310 0.990289499 138.423996331
0.988493854 0.066704253 0.135758766 62.502143924 -0.065106367 0.997747128 -0.016181151 -5.244932768 -0.136532271 0.007156208 0.990609776 139.244865236
0.987918484 0.077233766 0.134357784 62.585154761 -0.075546686 0.996986619 -0.017617613 -5.251446208 -0.135313587 0.007254480 0.990776264 140.083666228
0.988056102 0.078859529 0.132386984 62.685905931 -0.077479367 0.996872644 -0.015552484 -5.275198282 -0.133199424 0.005109467 0.991076085 140.892534327
0.988351727 0.077068216 0.131230154 62.789639227 -0.076318031 0.997025640 -0.010743943 -5.296148232 -0.131667845 0.000603568 0.991293707 141.700776244
0.988684899 0.075649498 0.129535028 62.888061407 -0.074952510 0.997134379 -0.010254370 -5.324373459 -0.129939568 0.000429365 0.991521822 142.502475476
0.989187581 0.073939261 0.126652734 62.991670931 -0.072937582 0.997257736 -0.012534665 -5.357971884 -0.127232222 0.003161391 0.991867918 143.281133427
0.990228409 0.068695123 0.121361764 63.093514661 -0.067206732 0.997605590 -0.016319988 -5.376024310 -0.122192278 0.008004188 0.992474171 144.084451925
0.991252432 0.065531792 0.114560905 63.185421158 -0.063972866 0.997802786 -0.017235771 -5.391714387 -0.115438681 0.009756210 0.993266695 144.892169461
0.992107504 0.064279013 0.107661083 63.278771326 -0.063650652 0.997929221 -0.009266263 -5.451595273 -0.108033767 0.002340431 0.994144470 145.698670533
0.992865329 0.062200673 0.101732568 63.356307778 -0.062475129 0.998046401 -0.000489207 -5.469328940 -0.101564252 -0.005870039 0.994811663 146.502761662
0.993349978 0.059796808 0.098387819 63.428559569 -0.060983475 0.998097333 0.009095633 -5.479440776 -0.097656730 -0.015035178 0.995106581 147.302665174
0.993301356 0.066733632 0.094334717 63.486542195 -0.068163943 0.997601742 0.012018376 -5.486763113 -0.093306448 -0.018368096 0.995467990 148.095871515
0.993608349 0.069137022 0.089232960 63.545233443 -0.070062897 0.997515996 0.007281999 -5.488522397 -0.088507850 -0.013487374 0.995984162 148.887184095
0.994341019 0.068969353 0.080803258 63.614219351 -0.068995752 0.997613899 -0.002468705 -5.495565658 -0.080780718 -0.003120347 0.996727013 149.683555105
0.995128727 0.065311964 0.073845547 63.672698265 -0.064917986 0.997860698 -0.007725438 -5.499054278 -0.074192133 0.002893901 0.997239767 150.484577845
0.995610655 0.064861292 0.067471739 63.714921012 -0.064567149 0.997891977 -0.006533426 -5.509180250 -0.067753274 0.002148291 0.997699794 151.293456686
0.995627270 0.071737191 0.059834053 63.747200621 -0.071701779 0.997422348 -0.002741436 -5.524756421 -0.059876485 -0.001560759 0.998204574 152.116543379
0.995668799 0.077223510 0.051770376 63.767709468 -0.077142134 0.997013710 -0.003571200 -5.541647491 -0.051891555 -0.000437945 0.998652630 152.934289254
0.995985335 0.079497557 0.041150333 63.790498366 -0.079193023 0.996818843 -0.008981048 -5.552929011 -0.041733399 0.005686173 0.999112602 153.747080161
0.996434660 0.077939710 0.032301231 63.813944321 -0.077621722 0.996922351 -0.010986107 -5.565185181 -0.033058073 0.008439660 0.999417798 154.565358554
0.996635285 0.078296974 0.024242386 63.823498072 -0.078131136 0.996913234 -0.007715543 -5.578692235 -0.024771659 0.005795497 0.999676336 155.386776553
0.996491052 0.081955978 0.016994170 63.819720696 -0.081965007 0.996635194 -0.000165710 -5.594306444 -0.016950569 -0.001227799 0.999855575 156.199700822
0.996280482 0.085703086 0.008954426 63.811994786 -0.085759336 0.996297218 0.006098294 -5.603877441 -0.008398627 -0.006843537 0.999941313 157.030961824
