1.000000000 0.000000000 0.000000000 0.000000000 0.000000000 1.000000000 0.000000000 0.000000000 0.000000000 0.000000000 1.000000000 0.000000000
0.999989894 -0.002564196 -0.003692687 0.001132898 0.002555214 0.999993770 -0.002435130 -0.004522677 0.003698908 0.002425670 0.999990217 0.664639065
0.999971255 -0.000943732 -0.007523167 -0.014316069 0.000915499 0.999992530 -0.003755249 -0.012340185 0.007526655 0.003748254 0.999964649 1.357054837
0.999936150 -0.001498877 -0.011200438 -0.033072911 0.001433849 0.999982084 -0.005811615 -0.004840766 0.011208948 0.005795185 0.999920384 2.033644838
0.999869788 -0.000088611 -0.016136918 -0.052158300 -0.000024403 0.999975478 -0.007003119 -0.003272549 0.016137143 0.007002601 0.999845266 2.769863805
0.999783210 -0.000887659 -0.020802533 -0.069141335 0.000739365 0.999974270 -0.007135264 -0.017366736 0.020808331 0.007118337 0.999758142 3.498831016
0.999689163 0.001180439 -0.024903509 -0.102095323 -0.001403206 0.999959145 -0.008929640 -0.022361826 0.024891951 0.008961809 0.999649977 4.259603518
0.999553394 0.003327654 -0.029697447 -0.137107616 -0.003628703 0.999942520 -0.010089079 -0.017585323 0.029662167 0.010192337 0.999508015 4.995202567
0.999400466 0.003633680 -0.034431159 -0.163030300 -0.003922790 0.999957586 -0.008332931 -0.031917157 0.034399419 0.008463001 0.999372332 5.776089503
0.999243432 0.002826637 -0.038788841 -0.200667980 -0.003053089 0.999978634 -0.005780070 -0.039031055 0.038771674 0.005894123 0.999230712 6.572049873
0.999088892 0.002333753 -0.042613847 -0.234625556 -0.002459856 0.999992749 -0.002906988 -0.053893184 0.042606754 0.003009163 0.999087388 7.375470307
0.998965348 0.003952325 -0.045305777 -0.284603383 -0.004131098 0.999984044 -0.003852988 -0.059559379 0.045289825 0.004036164 0.998965736 8.196056887
0.998808347 0.003688629 -0.048664973 -0.302590255 -0.003899722 0.999983393 -0.004243448 -0.071102192 0.048648512 0.004428171 0.998806144 9.034317044
0.998679225 0.000561893 -0.051375956 -0.337341063 -0.000815396 0.999987597 -0.004913448 -0.078319562 0.051372558 0.004948850 0.998667297 9.870834265
0.998594133 0.000721009 -0.053002239 -0.384902906 -0.000933624 0.999991617 -0.003986768 -0.093222043 0.052998920 0.004030647 0.998586435 10.701101264
0.998514559 -0.001185575 -0.054472659 -0.427685871 0.000879359 0.999983680 -0.005645071 -0.075308355 0.054478463 0.005588785 0.998499305 11.551842259
0.998416734 0.001232401 -0.056236167 -0.491373560 -0.001690974 0.999965703 -0.008107559 -0.088454985 0.056224247 0.008189817 0.998384576 12.410768743
0.998315744 0.001764351 -0.057987605 -0.535979370 -0.002393672 0.999938975 -0.010785024 -0.098670720 0.057965038 0.010905662 0.998259045 13.275376598
0.998197134 0.005308874 -0.059785434 -0.602503695 -0.006065250 0.999903762 -0.012477157 -0.121207579 0.059713440 0.012817276 0.998133269 14.157519577
0.998115130 0.005885315 -0.061086409 -0.659666710 -0.006628355 0.999906409 -0.011968245 -0.142497694 0.061010255 0.012350588 0.998060725 15.037672709
