1.000000000 0.000000000 0.000000000 0.000000000 0.000000000 1.000000000 0.000000000 0.000000000 0.000000000 0.000000000 1.000000000 0.000000000
0.999990882 -0.002627811 -0.003366012 -0.000956649 0.002620564 0.999994244 -0.002155362 -0.005361821 0.003371656 0.002146522 0.999992012 0.672939915
0.999969650 -0.000763525 -0.007753405 -0.003223387 0.000730565 0.999990689 -0.004253050 -0.001281703 0.007756580 0.004247257 0.999960897 1.376512673
0.999929796 -0.000298258 -0.011845435 -0.012301584 0.000228085 0.999982421 -0.005924963 -0.004719045 0.011846994 0.005921845 0.999912286 2.083705942
0.999881469 0.000317327 -0.015393099 -0.058364563 -0.000414746 0.999979905 -0.006325972 -0.011734362 0.015390782 0.006331607 0.999861508 2.754116056
0.999801819 -0.001065046 -0.019879363 -0.076069861 0.000938894 0.999979372 -0.006354121 -0.024556693 0.019885720 0.006334197 0.999782194 3.499505502
0.999701942 0.000540445 -0.024407670 -0.103422062 -0.000722925 0.999971852 -0.007468136 -0.036130046 0.024402946 0.007483555 0.999674193 4.252771564
0.999572509 0.002967078 -0.029086009 -0.139885144 -0.003194433 0.999964685 -0.007773305 -0.050910071 0.029061918 0.007862895 0.999546687 5.020541075
0.999411341 0.003224328 -0.034155171 -0.153052464 -0.003425424 0.999977134 -0.005830826 -0.071230790 0.034135589 0.005944390 0.999399533 5.799001067
0.999231591 0.002349991 -0.039124235 -0.173266896 -0.002460998 0.999993081 -0.002789369 -0.089124462 0.039117409 0.002883510 0.999230461 6.584556681
0.999044588 0.001879600 -0.043662097 -0.192419408 -0.001884073 0.999998223 -0.000061288 -0.103071223 0.043661904 0.000143492 0.999046354 7.415474586
0.998903988 0.002640619 -0.046731678 -0.228281860 -0.002654727 0.999996447 -0.000239815 -0.110527804 0.046730878 0.000363612 0.998907450 8.256401906
0.998765245 0.001922280 -0.049641622 -0.259259609 -0.001944155 0.999998033 -0.000392360 -0.116258446 0.049640770 0.000488386 0.998767018 9.092871402
0.998614173 0.003469945 -0.052513746 -0.292870090 -0.003528904 0.999993243 -0.001030038 -0.149801699 0.052509817 0.001213927 0.998619670 9.958573221
0.998506091 0.002964980 -0.054560022 -0.343588729 -0.002984275 0.999995510 -0.000272175 -0.155056059 0.054558970 0.000434590 0.998510456 10.799939747
0.998376332 0.002690770 -0.056898672 -0.372720124 -0.002751351 0.999995729 -0.000986414 -0.165713349 0.056895774 0.001141361 0.998379471 11.644079168
0.998020249 0.006029118 -0.062603771 -0.252681704 -0.006187061 0.999978147 -0.002329350 -0.195868940 0.062588359 0.002712072 0.998035742 12.302907235
0.997858375 0.005535259 -0.065176869 -0.283198235 -0.005829577 0.999973649 -0.004326379 -0.209567384 0.065151204 0.004697067 0.997864349 13.158447755
0.997725443 0.010733788 -0.066548677 -0.363814516 -0.011135603 0.999921922 -0.005669903 -0.235002096 0.066482621 0.006398066 0.997767070 14.042065302
0.997639018 0.011703187 -0.067671453 -0.433199253 -0.012090455 0.999912777 -0.005316037 -0.245935205 0.067603336 0.006121664 0.997693497 14.949450084
