1.000000000 0.000000000 0.000000000 0.000000000 0.000000000 1.000000000 0.000000000 0.000000000 0.000000000 0.000000000 1.000000000 0.000000000
0.999990360 -0.002667867 -0.003487445 -0.000067710 0.002660252 0.999994071 -0.002186552 -0.004488584 0.003493257 0.002177254 0.999991528 0.675460218
0.999971138 -0.001216822 -0.007499437 -0.014518739 0.001189002 0.999992400 -0.003712942 -0.008146149 0.007503898 0.003703918 0.999964986 1.367666544
0.999930573 -0.001287481 -0.011712888 -0.025560122 0.001225193 0.999985079 -0.005323557 -0.008641940 0.011719568 0.005308837 0.999917231 2.090836443
0.999814662 0.000339123 -0.019249069 -0.002470795 -0.000481809 0.999972441 -0.007408460 0.005825592 0.019246026 0.007416361 0.999787271 2.859714843
0.999714094 -0.000818286 -0.023896890 -0.020186069 0.000633809 0.999969951 -0.007726290 -0.004107238 0.023902494 0.007708935 0.999684572 3.603054800
0.999578549 0.001352388 -0.028998181 -0.039300894 -0.001629945 0.999953069 -0.009550004 -0.006411068 0.028983905 0.009593245 0.999533843 4.371689494
0.999427890 0.003805764 -0.033606664 -0.082887157 -0.004137305 0.999943407 -0.009801303 -0.021886509 0.033567461 0.009934737 0.999387075 5.134463022
0.999256562 0.004260588 -0.038316728 -0.110756435 -0.004581730 0.999955080 -0.008297345 -0.031226191 0.038279656 0.008466733 0.999231196 5.927645030
0.999084738 0.003511126 -0.042630475 -0.149641935 -0.003757301 0.999976720 -0.005695860 -0.042601855 0.042609484 0.005850822 0.999074672 6.720395471
0.998893193 0.003057946 -0.046936537 -0.178728619 -0.003203272 0.999990305 -0.003021322 -0.055102239 0.046926843 0.003168328 0.998893304 7.542428743
0.998780859 0.004643945 -0.049144981 -0.239828697 -0.004834743 0.999981228 -0.003764186 -0.062978542 0.049126578 0.003997201 0.998784562 8.344069233
0.998649914 0.004109575 -0.051782814 -0.281469901 -0.004331461 0.999981910 -0.004173440 -0.069297099 0.051764726 0.004392101 0.998649650 9.173359820
0.998533702 0.001119896 -0.054122010 -0.320669903 -0.001388331 0.999986921 -0.004922467 -0.076491559 0.054115789 0.004990388 0.998522197 10.009783009
0.998401182 0.000854855 -0.056518580 -0.366438423 -0.001092780 0.999990671 -0.004178915 -0.086081311 0.056514480 0.004233996 0.998392802 10.854658038
0.998291054 -0.000570137 -0.058434978 -0.408293429 0.000325372 0.999991135 -0.004198097 -0.101382587 0.058436853 0.004171910 0.998282390 11.697909370
0.998147616 0.001736255 -0.060813829 -0.463645830 -0.002172219 0.999972411 -0.007103448 -0.107943790 0.060799817 0.007222391 0.998123850 12.559565757
0.998050747 0.002183579 -0.062369369 -0.520862171 -0.002802874 0.999947621 -0.009843705 -0.120020514 0.062344608 0.009999331 0.998004591 13.428207480
0.997902407 0.005860184 -0.064470490 -0.582230059 -0.006605922 0.999913652 -0.011360041 -0.136394270 0.064398351 0.011762100 0.997854952 14.307700990
0.997782975 0.006854571 -0.066197806 -0.638217657 -0.007608163 0.999909020 -0.011138557 -0.153318203 0.066115433 0.011617506 0.997744348 15.203328893
