1.000000000 0.000000000 0.000000000 0.000000000 0.000000000 1.000000000 0.000000000 0.000000000 0.000000000 0.000000000 1.000000000 0.000000000
0.999991062 -0.001926282 -0.003763723 0.009655366 0.001916217 0.999994584 -0.002675900 0.001500727 0.003768857 0.002668664 0.999989337 0.681695151
0.999966849 -0.000371343 -0.008134006 0.004226437 0.000333080 0.999988876 -0.004704961 0.004422591 0.008135662 0.004702096 0.999955850 1.384639612
0.999930638 -0.000958736 -0.011738850 -0.018367025 0.000892044 0.999983441 -0.005685211 -0.006783047 0.011744106 0.005674345 0.999914935 2.086198992
0.999823780 0.004665221 -0.018183619 0.000497018 -0.004834307 0.999945384 -0.009265964 0.031747864 0.018139398 0.009352237 0.999791727 2.858410780
0.999734472 0.003448208 -0.022783646 -0.016728926 -0.003666472 0.999947723 -0.009545039 0.017920909 0.022749541 0.009626040 0.999694852 3.587443552
0.999598247 0.005092244 -0.027882149 -0.034661028 -0.005391640 0.999928503 -0.010673263 0.002444570 0.027825805 0.010819305 0.999554234 4.350089502
0.999400419 0.007612370 -0.033776546 -0.051660720 -0.007989634 0.999907044 -0.011048527 -0.016639384 0.033689301 0.011311765 0.999368338 5.144608767
0.999182687 0.007904238 -0.039641922 -0.059853196 -0.008232297 0.999933152 -0.008119160 -0.045860013 0.039575096 0.008438868 0.999180963 5.969306722
0.998908281 0.006937976 -0.046196436 -0.061232823 -0.007144593 0.999965193 -0.004308955 -0.077009646 0.046164932 0.004634305 0.998923081 6.796605372
0.998685910 0.006239670 -0.050867669 -0.084849419 -0.006310713 0.999979323 -0.001236139 -0.096862193 0.050858904 0.001555526 0.998704637 7.627746595
0.998525999 0.007246416 -0.053789576 -0.128158018 -0.007349762 0.999971504 -0.001723731 -0.101003515 0.053775552 0.002116531 0.998550805 8.467981009
0.998352528 0.006963253 -0.056953870 -0.163639166 -0.007123756 0.999971205 -0.002615576 -0.099432459 0.056934017 0.003016993 0.998373385 9.301532791
0.998337794 0.003036716 -0.057553685 -0.239153734 -0.003138564 0.999993665 -0.001679316 -0.125716167 0.057548220 0.001857160 0.998341000 10.133651727
0.998210580 0.002879136 -0.059727288 -0.292251581 -0.002948423 0.999995079 -0.001071958 -0.130197683 0.059723907 0.001246141 0.998214156 10.976816631
0.998049065 -0.000886468 -0.062428176 -0.292200357 0.000852647 0.999999475 -0.000568392 -0.137401378 0.062428647 0.000514054 0.998049297 11.779131795
0.997900785 0.002333015 -0.064719246 -0.339343904 -0.002531651 0.999992333 -0.002987367 -0.154288191 0.064711781 0.003144943 0.997899040 12.627896620
0.997829448 0.004055686 -0.065726283 -0.416687876 -0.004429031 0.999974870 -0.005535590 -0.174765897 0.065702180 0.005814678 0.997822335 13.514492280
0.997565311 0.004289749 -0.069606387 -0.331944878 -0.004736836 0.999969191 -0.006259292 -0.175344771 0.069577392 0.006573767 0.997554897 14.206486365
0.997423919 0.006957209 -0.071394139 -0.386734558 -0.007388555 0.999956003 -0.005779440 -0.201386829 0.071350789 0.006292051 0.997431439 15.097616764
