1.000000000 0.000000000 0.000000000 0.000000000 0.000000000 1.000000000 0.000000000 0.000000000 0.000000000 0.000000000 1.000000000 0.000000000
0.999990927 -0.002617228 -0.003360926 -0.002403810 0.002609525 0.999993963 -0.002294336 -0.002852620 0.003366910 0.002285545 0.999991720 0.677580492
0.999971342 -0.001160365 -0.007481166 -0.012080586 0.001132080 0.999992200 -0.003783994 -0.007773949 0.007485499 0.003775417 0.999964856 1.363674255
0.999927501 -0.000838385 -0.012012107 -0.013299226 0.000773848 0.999985248 -0.005376313 -0.010067830 0.012016437 0.005366627 0.999913399 2.076405755
0.999879480 0.001222927 -0.015476778 -0.058226066 -0.001335102 0.999972902 -0.007239700 -0.002807340 0.015467505 0.007259491 0.999854017 2.776735533
0.999799272 -0.000010878 -0.020035357 -0.074036531 -0.000142348 0.999970756 -0.007646326 -0.010450949 0.020034854 0.007647643 0.999770033 3.518140501
0.999697728 0.001862323 -0.024515003 -0.101109978 -0.002080075 0.999958587 -0.008859927 -0.021181694 0.024497488 0.008908242 0.999660200 4.272774556
0.999544651 0.004594004 -0.029822579 -0.129946991 -0.004897094 0.999937022 -0.010098026 -0.022173091 0.029774311 0.010239472 0.999504199 5.050512436
0.999387552 0.005147326 -0.034612500 -0.155645891 -0.005450420 0.999947577 -0.008668146 -0.030907135 0.034566067 0.008851490 0.999363216 5.850656031
0.999220125 0.004282176 -0.039253094 -0.188378269 -0.004524858 0.999971183 -0.006095745 -0.040747070 0.039225860 0.006268606 0.999210707 6.637211098
0.999061495 0.003820276 -0.043145507 -0.221989934 -0.003970831 0.999986322 -0.003404297 -0.053363472 0.043131912 0.003572425 0.999062999 7.447197204
0.998844165 0.005454186 -0.047755489 -0.238658539 -0.005655788 0.999975652 -0.004087444 -0.065298650 0.047732033 0.004352814 0.998850693 8.285524717
0.998626689 0.004717280 -0.052177420 -0.229844876 -0.004935289 0.999979619 -0.004050180 -0.077159500 0.052157251 0.004302129 0.998629617 9.099143447
0.998499840 0.001599694 -0.054731262 -0.263749813 -0.001857249 0.999987439 -0.004655274 -0.084941044 0.054723128 0.004749940 0.998490269 9.939337498
0.998359093 0.001061165 -0.057253779 -0.300527427 -0.001263999 0.999993053 -0.003506626 -0.097104221 0.057249660 0.003573241 0.998353499 10.790094357
0.998343189 0.000076951 -0.057540164 -0.374040878 -0.000291038 0.999993067 -0.003712297 -0.111298322 0.057539479 0.003722893 0.998336290 11.640272107
0.998216261 0.002265514 -0.059658729 -0.428326935 -0.002638354 0.999977475 -0.006171515 -0.121802946 0.059643404 0.006317908 0.998199754 12.503395519
0.998134559 0.002704667 -0.060992513 -0.484443346 -0.003259539 0.999954189 -0.008999728 -0.130487718 0.060965378 0.009181748 0.998097650 13.378469912
0.997999628 0.006436486 -0.062891292 -0.544118235 -0.007110021 0.999919684 -0.010491583 -0.146395248 0.062818711 0.010917754 0.997965236 14.264979177
0.997904498 0.007152226 -0.064307534 -0.602906799 -0.007809162 0.999919805 -0.009969992 -0.162681962 0.064231069 0.010451288 0.997880324 15.160515953
