1.000000000 0.000000000 0.000000000 0.000000000 0.000000000 1.000000000 0.000000000 0.000000000 0.000000000 0.000000000 1.000000000 0.000000000
0.999990429 -0.002631998 -0.003494804 -0.000385466 0.002623901 0.999993868 -0.002319373 -0.002335632 0.003500887 0.002310181 0.999991203 0.680242722
0.999970038 -0.001224953 -0.007643508 -0.010552790 0.001193969 0.999991058 -0.004056990 -0.002567829 0.007648410 0.004047742 0.999962558 1.380870478
0.999935767 -0.001156893 -0.011274861 -0.032715956 0.001093797 0.999983718 -0.005600731 -0.004229884 0.011281157 0.005588039 0.999920752 2.093018319
0.999867438 0.000096251 -0.016281818 -0.045736397 -0.000194450 0.999981802 -0.006029716 -0.014821872 0.016280941 0.006032082 0.999849261 2.814801051
0.999780965 -0.001073363 -0.020901427 -0.061711333 0.000940426 0.999979276 -0.006368978 -0.023390445 0.020907830 0.006347926 0.999761255 3.557870172
0.999668140 0.000850736 -0.025746564 -0.083460290 -0.001048788 0.999969960 -0.007679836 -0.032337298 0.025739257 0.007704290 0.999639002 4.316407592
0.999519327 0.003645088 -0.030786835 -0.115595848 -0.003905286 0.999957129 -0.008395728 -0.041432380 0.030754912 0.008511924 0.999490712 5.091855325
0.999365326 0.004125139 -0.035382601 -0.143964850 -0.004369750 0.999967068 -0.006838774 -0.050799960 0.035353225 0.006989047 0.999350440 5.885230807
0.999199082 0.003145533 -0.039891115 -0.180973003 -0.003309896 0.999986301 -0.004054916 -0.060007081 0.039877813 0.004183704 0.999195805 6.668664024
0.999026559 0.002677394 -0.044031430 -0.211076684 -0.002741463 0.999995270 -0.001394739 -0.070456937 0.044027488 0.001514092 0.999029173 7.486769164
0.998905535 0.004201834 -0.046584091 -0.254419065 -0.004298491 0.999988811 -0.001974910 -0.080688739 0.046575271 0.002172990 0.998912420 8.300166825
0.998752845 0.004009141 -0.049766273 -0.285617258 -0.004139460 0.999988268 -0.002515829 -0.087825081 0.049755603 0.002718697 0.998757723 9.130868741
0.998641382 0.000950685 -0.052100741 -0.320987975 -0.001112473 0.999994649 -0.003076381 -0.095025248 0.052097537 0.003130162 0.998637096 9.968419988
0.998528774 0.000431033 -0.054222706 -0.363159585 -0.000532229 0.999998144 -0.001851874 -0.106546722 0.054221807 0.001878009 0.998527150 10.817671409
0.998437209 0.047836249 -0.028893476 0.089739598 -0.048500805 0.998563922 -0.022754454 0.293707596 0.027763495 0.024120250 0.999323472 11.639274278
0.998262450 0.050109573 -0.031001803 0.057999880 -0.050896904 0.998387176 -0.025150590 0.267736428 0.029691517 0.026684785 0.999202850 12.503236714
0.998178047 0.050802128 -0.032553502 0.026528188 -0.051715306 0.998273415 -0.027851691 0.241320715 0.031082371 0.029484461 0.999081855 13.376733035
0.997925807 0.054348385 -0.034501265 -0.007696543 -0.055366767 0.998036632 -0.029281432 0.210281465 0.032842127 0.031130921 0.998975606 14.265805574
0.997834344 0.055119912 -0.035894541 -0.042014795 -0.056164518 0.998006809 -0.028774242 0.177390899 0.034236963 0.030727926 0.998941252 15.161182278
