1.000000000 0.000000000 0.000000000 0.000000000 0.000000000 1.000000000 0.000000000 0.000000000 0.000000000 0.000000000 1.000000000 0.000000000
0.999991119 -0.002669701 -0.003261212 -0.004537330 0.002662546 0.999994044 -0.002196252 -0.004039697 0.003267056 0.002187549 0.999992270 0.676429678
0.999972619 -0.001196593 -0.007302678 -0.014947487 0.001168515 0.999991914 -0.003847863 -0.006425057 0.007307223 0.003839224 0.999965932 1.368725283
0.999939023 -0.001036220 -0.010994399 -0.038225652 0.000975754 0.999984379 -0.005503594 -0.006019284 0.010999931 0.005492530 0.999924414 2.086246773
0.999871057 0.000402029 -0.016053307 -0.052099789 -0.000510665 0.999976996 -0.006763690 -0.002572603 0.016050218 0.006771016 0.999848260 2.769849188
0.999791436 -0.000852793 -0.020404817 -0.073006977 0.000707061 0.999974201 -0.007148175 -0.009589477 0.020410386 0.007132257 0.999766246 3.513882002
0.999677074 0.000930744 -0.025394527 -0.091520280 -0.001142932 0.999964548 -0.008342401 -0.021425137 0.025385862 0.008368731 0.999642697 4.271311703
0.999549120 0.003130748 -0.029862277 -0.119793414 -0.003391215 0.999956616 -0.008675640 -0.035309308 0.029833821 0.008772998 0.999516372 5.042393623
0.999400698 0.003655074 -0.034422158 -0.147902404 -0.003904824 0.999966520 -0.007191062 -0.044042866 0.034394722 0.007321165 0.999381511 5.834104973
0.999245482 0.003026558 -0.038720880 -0.185249717 -0.003217185 0.999983007 -0.004861729 -0.049507688 0.038705508 0.004982633 0.999238238 6.624664542
0.999077205 0.002577118 -0.042873022 -0.214563145 -0.002675628 0.999993911 -0.002240484 -0.060663734 0.042866987 0.002353128 0.999078017 7.441234879
0.998983060 0.003894893 -0.044918551 -0.271465604 -0.004041499 0.999986798 -0.003173456 -0.064281571 0.044905598 0.003351767 0.998985612 8.259234218
0.998723473 0.003648429 -0.050379698 -0.269689650 -0.003909832 0.999979397 -0.005091076 -0.048551287 0.050360086 0.005281553 0.998717161 9.106823713
0.998613882 0.000566028 -0.052630735 -0.306938029 -0.000861596 0.999983986 -0.005593365 -0.058274798 0.052626726 0.005630959 0.998598378 9.943421615
0.998492148 0.000275107 -0.054894027 -0.349416238 -0.000527866 0.999989326 -0.004590056 -0.069900628 0.054892178 0.004612112 0.998481636 10.792676547
0.998426327 -0.001145689 -0.056067433 -0.403547606 0.000885273 0.999988707 -0.004669309 -0.086195382 0.056072150 0.004612326 0.998416066 11.653134471
0.998316889 0.001058608 -0.057985066 -0.459430214 -0.001474914 0.999973442 -0.007137217 -0.097177976 0.057975971 0.007210727 0.998291937 12.515714766
0.998228016 0.001459984 -0.059486950 -0.511638007 -0.002053944 0.999948639 -0.009924775 -0.107663136 0.059469405 0.010029372 0.998179744 13.394011930
0.998100767 0.005189698 -0.061383428 -0.572665856 -0.005917210 0.999914324 -0.011676082 -0.122965079 0.061317573 0.012017125 0.998045963 14.273821537
0.998016752 0.006018434 -0.062660517 -0.632498466 -0.006736117 0.999914044 -0.011248565 -0.140146341 0.062587432 0.011648345 0.997971507 15.166241861
