1.000000000 0.000000000 0.000000000 0.000000000 0.000000000 1.000000000 0.000000000 0.000000000 0.000000000 0.000000000 1.000000000 0.000000000
0.999990429 -0.002631998 -0.003494804 -0.000385466 0.002623901 0.999993868 -0.002319373 -0.002335632 0.003500887 0.002310181 0.999991203 0.680242722
0.999970038 -0.001224953 -0.007643508 -0.010552790 0.001193969 0.999991058 -0.004056990 -0.002567829 0.007648410 0.004047742 0.999962558 1.380870478
0.999935767 -0.001156893 -0.011274861 -0.032715956 0.001093797 0.999983718 -0.005600731 -0.004229884 0.011281157 0.005588039 0.999920752 2.093018319
0.999854226 0.000021699 -0.017074118 -0.034957026 -0.000127112 0.999980940 -0.006172805 -0.012231256 0.017073658 0.006174075 0.999835172 2.817820871
0.999764006 -0.001148165 -0.021693632 -0.051520498 0.001007101 0.999978287 -0.006512376 -0.020906441 0.021700638 0.006488991 0.999743455 3.560875870
0.999647490 0.000774859 -0.026538579 -0.073870227 -0.000982808 0.999968913 -0.007823554 -0.029962503 0.026531692 0.007846879 0.999617175 4.319394530
0.999494899 0.003568570 -0.031578681 -0.106619950 -0.003840028 0.999956162 -0.008539776 -0.039169919 0.031546822 0.008656726 0.999464786 5.094815242
0.999337285 0.004049828 -0.036174443 -0.135617314 -0.004305155 0.999966350 -0.006983123 -0.048652115 0.036144946 0.007134232 0.999321092 5.888166644
0.999167379 0.003072445 -0.040683027 -0.173245954 -0.003245955 0.999985914 -0.004199557 -0.057973044 0.040669551 0.004328116 0.999163277 6.671568959
0.998991526 0.002606423 -0.044823395 -0.203997527 -0.002678123 0.999995229 -0.001539645 -0.068541148 0.044819168 0.001658135 0.998993740 7.489648482
0.998868591 0.004130340 -0.047375921 -0.247984079 -0.004235521 0.999988783 -0.002119977 -0.078891452 0.047366633 0.002318240 0.998874881 8.303010063
0.998713369 0.003937214 -0.050557942 -0.279840382 -0.004076952 0.999988148 -0.002661096 -0.086147908 0.050546865 0.002863795 0.998717584 9.133685961
0.998599838 0.000878432 -0.052892274 -0.315874634 -0.001050306 0.999994258 -0.003221793 -0.093469451 0.052889140 0.003272835 0.998595027 9.971207870
0.998485505 0.000359774 -0.055014237 -0.358718751 -0.000470372 0.999997895 -0.001997419 -0.105114437 0.055013402 0.002020271 0.998483572 10.820423945
0.998439625 -0.000824919 -0.055835777 -0.422318005 0.000708266 0.999997525 -0.002108977 -0.119541780 0.055837379 0.002066139 0.998437739 11.676217341
0.998325924 0.001381310 -0.057822491 -0.477037952 -0.001650435 0.999988027 -0.004606830 -0.127983543 0.057815435 0.004694550 0.998316251 12.539378662
0.998241838 0.001999588 -0.059238796 -0.531736838 -0.002441130 0.999969772 -0.007382167 -0.136646136 0.059222244 0.007513797 0.998216544 13.412085411
0.998115734 0.005505458 -0.061111963 -0.589400332 -0.006060876 0.999941965 -0.008906881 -0.149716308 0.061059380 0.009260491 0.998091176 14.300392137
0.998023495 0.006288545 -0.062526453 -0.647245512 -0.006831204 0.999940805 -0.008468889 -0.164500807 0.062469495 0.008879281 0.998007375 15.195039737
