1.000000000 0.000000000 0.000000000 0.000000000 0.000000000 1.000000000 0.000000000 0.000000000 0.000000000 0.000000000 1.000000000 0.000000000
0.999990880 -0.002650874 -0.003348551 -0.002426767 0.002643499 0.999994075 -0.002204936 -0.004410234 0.003354376 0.002196064 0.999991963 0.675046015
0.999970766 -0.001271958 -0.007539798 -0.012618791 0.001243060 0.999991869 -0.003836161 -0.006664770 0.007544616 0.003826676 0.999964217 1.371171627
0.999932400 -0.001203417 -0.011564921 -0.028469890 0.001140080 0.999984325 -0.005481726 -0.007361836 0.011571337 0.005468170 0.999918098 2.089871869
0.999868865 0.000028237 -0.016194223 -0.047691473 -0.000126276 0.999981673 -0.006052930 -0.013784864 0.016193755 0.006054181 0.999850543 2.803177785
0.999785577 -0.001121458 -0.020677119 -0.065740777 0.000990652 0.999979441 -0.006335300 -0.022616416 0.020683799 0.006313457 0.999766133 3.544623195
0.999680980 0.000754124 -0.025246178 -0.091988534 -0.000947193 0.999970394 -0.007636348 -0.031574856 0.025239672 0.007657825 0.999652098 4.301159443
0.999586979 0.003390059 -0.028537336 -0.177999425 -0.003637705 0.999956139 -0.008630545 -0.031031046 0.028506826 0.008730791 0.999555468 5.199991771
0.999443912 0.003879440 -0.033118233 -0.207042768 -0.004115387 0.999966615 -0.007059195 -0.040467992 0.033089742 0.007191564 0.999426511 5.998354589
0.999220288 0.010191945 -0.038143668 -0.254600483 -0.010351014 0.999938526 -0.003975098 -0.061198009 0.038100809 0.004366824 0.999264359 6.959423705
0.999066068 0.009796723 -0.042083431 -0.286245234 -0.009862554 0.999950443 -0.001356958 -0.070167857 0.042068051 0.001770741 0.999113179 7.776243010
0.998928929 0.011395332 -0.044845758 -0.325632537 -0.011496153 0.999931935 -0.001990888 -0.079769019 0.044820019 0.002504309 0.998991939 8.593187104
0.994374930 -0.030810053 -0.101337256 1.264301191 0.030871742 0.999522893 -0.000959839 0.115646546 0.101318480 -0.002174018 0.994851667 8.569800826
0.994031093 -0.033911743 -0.103692720 1.187499979 0.033923789 0.999423064 -0.001647917 0.110813430 0.103688779 -0.001879569 0.994608015 9.406359942
0.993768670 -0.034104417 -0.106116533 1.101965431 0.034206211 0.999414425 -0.000861178 0.103248513 0.106083763 -0.002774033 0.994353327 10.250188240
0.993911263 -0.037731724 -0.103521581 0.942719611 0.038035348 0.999275933 0.000959772 0.069185518 0.103410411 -0.004891407 0.994626745 11.136274976
0.993760457 -0.035657401 -0.105682088 0.851287638 0.035685144 0.999361755 -0.001629012 0.063591293 0.105672723 -0.002152433 0.994398634 11.997382429
0.993664299 -0.035324953 -0.106693058 0.751391485 0.035037979 0.999375562 -0.004563608 0.059550783 0.106787644 0.000796386 0.994281532 12.867577964
0.993736073 -0.027510326 -0.108313430 0.649671618 0.026359051 0.999579949 -0.012046802 -0.004656477 0.108599345 0.009116302 0.994043800 13.730453253
0.993609927 -0.026645673 -0.109678257 0.548727581 0.025521727 0.999606510 -0.011639014 -0.022607427 0.109945229 0.008765461 0.993898996 14.620329796
