1.000000000 0.000000000 0.000000000 0.000000000 0.000000000 1.000000000 0.000000000 0.000000000 0.000000000 0.000000000 1.000000000 0.000000000
0.999990781 -0.002267453 -0.003646389 0.003602200 0.002258392 0.999994357 -0.002487055 -0.002843758 0.003652008 0.002478797 0.999990259 0.676206777
0.999968158 -0.001327487 -0.007868952 -0.010997586 0.001297613 0.999991937 -0.003800305 -0.012653877 0.007873933 0.003789974 0.999961818 1.371050398
0.999930349 -0.001484460 -0.011708678 -0.029974456 0.001418626 0.999983151 -0.005629024 -0.011260005 0.011716837 0.005612022 0.999915607 2.079294317
0.999868527 -0.000404139 -0.016210038 -0.069527486 0.000306345 0.999981742 -0.006034975 -0.019249642 0.016212181 0.006029216 0.999850396 2.821216740
0.999789065 -0.001793045 -0.020459973 -0.094302205 0.001666932 0.999979519 -0.006179297 -0.026370558 0.020470634 0.006143888 0.999771577 3.567687615
0.999676864 0.000625933 -0.025412101 -0.113509179 -0.000812813 0.999972700 -0.007344291 -0.039068299 0.025406810 0.007362573 0.999650082 4.323840076
0.999531871 0.002641686 -0.030480492 -0.141626737 -0.002872665 0.999967473 -0.007536623 -0.051339244 0.030459592 0.007620655 0.999506948 5.102976478
0.999398752 0.002202608 -0.034601782 -0.178970832 -0.002390406 0.999982633 -0.005386986 -0.066056875 0.034589315 0.005466459 0.999386660 5.877093758
0.999240431 0.001870127 -0.038923808 -0.214669257 -0.001991664 0.999993261 -0.003083889 -0.069573724 0.038917778 0.003159070 0.999237423 6.646696641
0.999136793 -0.000248195 -0.041540424 -0.403668010 0.000193783 0.999999118 -0.001313878 -0.039948378 0.041540713 0.001304694 0.999135960 7.728306583
0.999019237 0.001194056 -0.044262149 -0.454013839 -0.001281954 0.999997262 -0.001957510 -0.051577439 0.044259690 0.002012332 0.999018033 8.560601712
0.998925307 0.000559143 -0.046345641 -0.497117802 -0.000662380 0.999997334 -0.002212234 -0.053592465 0.046344281 0.002240555 0.998923014 9.368505022
0.998855215 -0.000155235 -0.047835502 -0.500579752 0.000031595 0.999996657 -0.002585433 -0.082144941 0.047835743 0.002580962 0.998851881 10.124340961
0.998753600 -0.000271679 -0.049911650 -0.529054184 0.000189954 0.999998634 -0.001642126 -0.095385733 0.049912027 0.001630598 0.998752287 10.929095693
0.998702729 -0.000900100 -0.050912174 -0.600395802 0.000799987 0.999997706 -0.001986737 -0.114351808 0.050913845 0.001943431 0.998701158 11.807108577
0.998595851 0.000228092 -0.052974279 -0.630441976 -0.000462549 0.999990153 -0.004413652 -0.114241522 0.052972750 0.004431958 0.998586123 12.638502412
0.998507540 0.000563784 -0.054611118 -0.661420941 -0.000951854 0.999974481 -0.007080312 -0.124417061 0.054605733 0.007121726 0.998482596 13.463707725
0.998384523 0.002388254 -0.056768298 -0.694689432 -0.002862083 0.999961733 -0.008266880 -0.131868098 0.056746382 0.008416000 0.998353153 14.312432671
0.998289448 0.004290555 -0.058307537 -0.708809260 -0.004749143 0.999958856 -0.007728683 -0.155404966 0.058271978 0.007992374 0.998268751 15.137190423
