1.000000000 0.000000000 0.000000000 0.000000000 0.000000000 1.000000000 0.000000000 0.000000000 0.000000000 0.000000000 1.000000000 0.000000000
0.999990240 -0.002641133 -0.003541841 -0.000934900 0.002633121 0.999993968 -0.002264919 -0.005639962 0.003547802 0.002255571 0.999991163 0.664447398
0.999969474 -0.001069524 -0.007739940 -0.011411298 0.001040270 0.999992304 -0.003782735 -0.010986040 0.007743926 0.003774568 0.999962891 1.358099370
0.999930687 -0.001172664 -0.011715212 -0.027915261 0.001112380 0.999986115 -0.005151011 -0.017549954 0.011721089 0.005137623 0.999918107 2.052241920
0.999862755 0.000035437 -0.016567106 -0.049541428 -0.000134859 0.999981990 -0.006000109 -0.019521896 0.016566595 0.006001520 0.999844753 2.780761946
0.999773525 -0.000851800 -0.021264349 -0.065752391 0.000721375 0.999980887 -0.006140426 -0.032150787 0.021269173 0.006123696 0.999755031 3.510424455
0.999668387 0.000981282 -0.025732319 -0.092683767 -0.001176382 0.999970671 -0.007567849 -0.038780986 0.025724138 0.007595611 0.999640223 4.254786470
0.999526175 0.003601214 -0.030568890 -0.126758701 -0.003861564 0.999956740 -0.008462051 -0.045118809 0.030537094 0.008576086 0.999496842 5.016720702
0.999371400 0.004025978 -0.035222107 -0.152987248 -0.004270513 0.999967281 -0.006870194 -0.053547600 0.035193295 0.007016291 0.999355894 5.803422735
0.999204593 0.003313349 -0.039739197 -0.188837377 -0.003491845 0.999984121 -0.004423119 -0.061781177 0.039723910 0.004558364 0.999200296 6.591901743
0.999038735 0.002551850 -0.043761799 -0.221934454 -0.002629089 0.999995086 -0.001707529 -0.070520804 0.043757226 0.001820941 0.999040534 7.396838686
0.998917193 0.004270142 -0.046327177 -0.270416643 -0.004390565 0.999987241 -0.002497957 -0.079905954 0.046315919 0.002698655 0.998923197 8.209396503
0.998766203 0.003639249 -0.049526026 -0.299715592 -0.003791892 0.999988345 -0.002988464 -0.083696927 0.049514573 0.003172574 0.998768362 9.031254244
0.998652356 0.000542143 -0.051895837 -0.340346671 -0.000739415 0.999992574 -0.003782185 -0.089957712 0.051893402 0.003815461 0.998645341 9.864803348
0.998536071 0.000570907 -0.054086866 -0.389306203 -0.000749927 0.999994308 -0.003289630 -0.097847339 0.054084680 0.003325376 0.998530815 10.699192954
0.998450269 -0.000796007 -0.055645545 -0.441541253 0.000607054 0.999993993 -0.003412481 -0.110665355 0.055647927 0.003373413 0.998444755 11.543963973
0.998281231 0.001257006 -0.058591833 -0.481435000 -0.001615156 0.999980299 -0.006065666 -0.117066453 0.058583054 0.006149875 0.998263595 12.407711401
0.998201877 0.001300036 -0.059927645 -0.543236496 -0.001828642 0.999959899 -0.008766740 -0.128875277 0.059913845 0.008860562 0.998164226 13.262636194
0.998022042 0.005549043 -0.062619582 -0.593236243 -0.006226663 0.999924099 -0.010631271 -0.141783906 0.062555836 0.011000153 0.997980844 14.145962190
0.997924579 0.006129136 -0.064101239 -0.651286830 -0.006791368 0.999925746 -0.010118244 -0.161360124 0.064034464 0.010532580 0.997892105 15.027707144
