1.000000000 0.000000000 0.000000000 0.000000000 0.000000000 1.000000000 0.000000000 0.000000000 0.000000000 0.000000000 1.000000000 0.000000000
0.999990753 -0.002641688 -0.003393430 -0.000341553 0.002634532 0.999994300 -0.002111497 -0.006327988 0.003398989 0.002102537 0.999992013 0.671088342
0.999959011 -0.002952110 -0.008559290 -0.009764127 0.002924805 0.999990600 -0.003200931 -0.017590719 0.008568659 0.003175766 0.999958245 1.383794978
0.999932622 -0.000955251 -0.011568841 -0.021085696 0.000891469 0.999984383 -0.005517226 -0.008285051 0.011573930 0.005506541 0.999917858 2.083127986
0.999867304 -0.000068545 -0.016290153 -0.046578714 -0.000029768 0.999981790 -0.006034809 -0.015576537 0.016290270 0.006034493 0.999849095 2.812903068
0.999786909 -0.001655807 -0.020576546 -0.069439072 0.001532924 0.999980907 -0.005986293 -0.029056551 0.020586066 0.005953476 0.999770359 3.550330423
0.999669860 0.000709699 -0.025684002 -0.083936376 -0.000903291 0.999971267 -0.007526618 -0.037285832 0.025677922 0.007547333 0.999641777 4.312726328
0.999417139 0.015589373 -0.030370273 -0.105799620 -0.015902935 0.999822421 -0.010110566 -0.042417421 0.030207262 0.010587650 0.999487580 5.109636199
0.999268176 0.015214522 -0.035094610 -0.129450154 -0.015488045 0.999851660 -0.007535188 -0.067865273 0.034974760 0.008073221 0.999355587 5.903058712
0.998752108 0.042621488 -0.026031451 -0.370243922 -0.042723099 0.999081303 -0.003359540 -0.366021403 0.025864347 0.004467492 0.999655479 6.070338444
0.998642652 0.042243991 -0.030468003 -0.378545673 -0.042281887 0.999105541 -0.000600305 -0.379118913 0.030415391 0.001887735 0.999535562 6.901396456
0.998435441 0.043474730 -0.035165580 -0.376375735 -0.043501007 0.999053383 0.000017886 -0.408077558 0.035133069 0.001511880 0.999381500 7.757527665
-0.397511601 0.832771957 -0.385325050 -1.573915998 -0.847690456 -0.494044404 -0.193238240 3.617832635 -0.351291071 0.249821925 0.902321223 3.439488661
-0.395785028 0.833802882 -0.384872662 -1.906875335 -0.849747509 -0.491439074 -0.190831883 3.443450872 -0.348257638 0.251516184 0.903026150 4.194406988
-0.395981277 0.834601690 -0.382934521 -2.235593159 -0.851512110 -0.489832147 -0.187060401 3.228412682 -0.343694566 0.252000965 0.904637806 4.939346589
-0.630498699 0.633377840 -0.448669035 -1.519156499 -0.652046628 -0.745787205 -0.136516079 3.447667222 -0.421077884 0.206479921 0.883209747 6.032547875
-0.633810657 0.629794204 -0.449047115 -1.911635852 -0.649352145 -0.748678753 -0.133498753 3.350631047 -0.420268775 0.206976775 0.883478789 6.790844650
-0.635375380 0.627719127 -0.449740841 -2.314183679 -0.648463621 -0.749956036 -0.130617287 3.245870138 -0.419276828 0.208649566 0.883556620 7.572791883
-0.658411145 0.590968307 -0.466102161 -2.522694274 -0.616698761 -0.778599649 -0.116039751 3.083783397 -0.431482794 0.211042760 0.877088110 7.826383131
-0.660011796 0.590029733 -0.465026175 -2.946959753 -0.615466250 -0.779629272 -0.115669761 2.994639872 -0.430796616 0.209864509 0.877707903 8.616104077
-0.703428864 0.510498770 -0.494549126 -3.039868953 -0.532644455 -0.839319961 -0.108774479 3.207057440 -0.470614191 0.186903742 0.862316226 9.730337963
-0.703616372 0.512213027 -0.492505651 -3.484696801 -0.533659282 -0.838554689 -0.109698697 3.102460449 -0.469182025 0.185644413 0.863368044 10.388759773
-0.706304696 0.510266010 -0.490675326 -3.986525726 -0.531731266 -0.839983563 -0.108117870 3.031568950 -0.467328083 0.184543254 0.864608727 11.294373621
-0.708653869 0.508180234 -0.489451269 -4.461477779 -0.530192988 -0.841250246 -0.105798958 2.944666902 -0.465515939 0.184528790 0.865588838 12.091699948
-0.681269208 0.542608727 -0.491373621 -4.689598071 -0.568482087 -0.815055050 -0.111863235 2.963542551 -0.461194518 0.203128124 0.863735250 13.566220897
-0.679334748 0.547814836 -0.488265508 -5.156800026 -0.573880284 -0.811276373 -0.111767911 2.796837461 -0.457346390 0.204278123 0.865508364 14.296261107
-0.648602992 0.587862831 -0.483457806 -5.490961650 -0.600157855 -0.785660424 -0.150160738 3.269660089 -0.468107582 0.192756296 0.862392197 15.554221751
-0.647907789 0.589808245 -0.482018392 -5.937829746 -0.600197418 -0.784942673 -0.153714213 3.140167189 -0.469018716 0.189713558 0.862571858 16.376342946
-0.651540315 0.605509152 -0.457005344 -8.239130983 -0.611780117 -0.775605330 -0.155439571 3.284660206 -0.448575864 0.178311636 0.875776601 17.837444186
-0.651724768 0.605075333 -0.457316815 -8.684305905 -0.610649851 -0.776225491 -0.156782482 3.153795773 -0.449846182 0.177081418 0.875374539 18.652448331
-0.652327194 0.603027148 -0.459159547 -9.132294642 -0.609510582 -0.777453711 -0.155121170 3.010638740 -0.450517571 0.178672845 0.874705626 19.400875787
-0.653859863 0.599306480 -0.461843072 -9.392617899 -0.610553293 -0.778448491 -0.145748495 2.761328410 -0.446869060 0.186680718 0.874904768 19.668262959
-0.653089630 0.598371311 -0.464139752 -9.837799014 -0.610848244 -0.778515872 -0.144143888 2.626252014 -0.447591731 0.189380074 0.873954707 20.473441444
-0.650688557 0.600992175 -0.464125854 -10.277049095 -0.613507910 -0.776253573 -0.145046318 2.483012161 -0.447451054 0.190364903 0.873812770 21.313314630
-0.644616505 0.609946121 -0.460907030 -10.774486018 -0.620457501 -0.769619963 -0.150723596 2.357874567 -0.446656524 0.188814306 0.874555377 22.036813964
-0.642966959 0.613659372 -0.458274661 -11.239240606 -0.623195648 -0.767009386 -0.152721269 2.217251316 -0.445219805 0.187400044 0.875591542 22.884158045
-0.639552011 0.617367203 -0.458073097 -11.700511116 -0.628070104 -0.763220588 -0.151730940 2.087953844 -0.443284524 0.190662190 0.875869145 23.719797978
-0.622008899 0.628318036 -0.467248730 -11.732236121 -0.652254071 -0.745923943 -0.134766830 1.698402050 -0.433208445 0.220938719 0.873794327 24.647419743
-0.624069688 0.625403443 -0.468409605 -12.208708014 -0.651135405 -0.747625749 -0.130684442 1.572419428 -0.431925581 0.223441879 0.873792892 25.454011822
-0.635481676 0.613835966 -0.468367853 -12.691651192 -0.639483407 -0.758367319 -0.126253645 1.423745373 -0.432693901 0.219281592 0.874466450 26.411638591
-0.636117562 0.613947422 -0.467357477 -13.156546122 -0.639164608 -0.758585360 -0.126557714 1.305638919 -0.432230322 0.218212774 0.874962933 27.279619957
-0.613558803 0.698474128 -0.368346966 -14.140758989 -0.717599560 -0.687866012 -0.109046875 1.670431411 -0.329539779 0.197418950 0.923270974 19.362477906
-0.614283440 0.698662806 -0.366778051 -14.530639139 -0.717474285 -0.688013561 -0.108940306 1.568278633 -0.328460813 0.196233593 0.923907934 20.323988008
-0.617409574 0.697052948 -0.364585526 -14.712491433 -0.714138656 -0.691018671 -0.111799718 1.608220669 -0.329865728 0.191338401 0.924433998 20.850248857
-0.617657639 0.698012607 -0.362322289 -15.103862875 -0.714097463 -0.690789317 -0.113467761 1.491079241 -0.329490294 0.188649198 0.925120331 21.780164278
-0.625332960 0.692683595 -0.359371850 -15.549383234 -0.709541094 -0.696394760 -0.107637239 1.362931606 -0.324823222 0.187679982 0.926966072 22.446635259
-0.625626438 0.693032823 -0.358185799 -15.911956506 -0.710241930 -0.695934793 -0.105977191 1.278292373 -0.322719632 0.188096440 0.927616175 23.325344082
-0.625340161 0.691696947 -0.361254781 -16.254982152 -0.708675063 -0.697191351 -0.108184453 1.303258492 -0.326694565 0.188360171 0.926170129 24.306287054
-0.627050088 0.689100929 -0.363246607 -16.612860016 -0.706763972 -0.699359136 -0.106684051 1.208013216 -0.327555912 0.189833371 0.925564917 25.230100136
-0.604323970 0.719183276 -0.342881838 -17.171583406 -0.738379170 -0.667215447 -0.098080319 0.768131464 -0.299313784 0.193904519 0.934244238 26.289483673
-0.629345406 0.688806033 -0.359820245 -17.357772874 -0.705842540 -0.700368430 -0.106162007 1.018932455 -0.325131770 0.187163864 0.926962254 26.958032035
-0.630730490 0.698518574 -0.338010135 -17.661363631 -0.714852253 -0.692493103 -0.097157393 0.998084468 -0.301935930 0.180347176 0.936114090 27.614748195
-0.652590754 0.675747596 -0.342768866 -18.306236216 -0.683460413 -0.720266608 -0.118734479 1.206280955 -0.327119507 0.156783927 0.931886060 28.536946342
-0.639495387 0.674907947 -0.368164246 -18.448049454 -0.694195924 -0.712706418 -0.100705419 0.783660011 -0.330359909 0.191177468 0.924290813 29.647118960
-0.641492438 0.672687626 -0.368753047 -18.818630985 -0.692319680 -0.714710108 -0.099412889 0.702418947 -0.330425350 0.191522375 0.924196012 30.535597046
-0.638776649 0.679564860 -0.360771387 -19.291993014 -0.698441448 -0.708847234 -0.098565421 0.466265900 -0.322713396 0.189016400 0.927431326 31.236960261
-0.638406359 0.680930842 -0.358846080 -19.641009426 -0.698724453 -0.708244447 -0.100865957 0.398493638 -0.322833484 0.186341063 0.927930789 32.106785145
-0.446940179 -0.800994814 -0.398311166 -19.872503545 0.683782422 -0.018807022 -0.729443551 -5.474649914 0.576789455 -0.598375805 0.556111788 29.948232157
-0.447879606 -0.801005438 -0.397233114 -20.223773346 0.683890270 -0.020726706 -0.729290410 -6.156112040 0.575932250 -0.598298163 0.557082894 30.486318017
-0.450218749 -0.800442075 -0.395721573 -20.606841121 0.683281877 -0.023535102 -0.729775291 -6.852727588 0.574829501 -0.598947898 0.557523507 31.042027118
-0.451635795 -0.799293384 -0.396428045 -20.968178754 0.682750574 -0.023589386 -0.730270631 -7.556312060 0.574348990 -0.600477832 0.556371828 31.580639137
-0.453161208 -0.795832818 -0.401615543 -21.115297409 0.682852583 -0.020296771 -0.730274188 -8.069062796 0.573024667 -0.605176145 0.552634205 31.898741889
-0.453016438 -0.793750493 -0.405877151 -21.431388828 0.683043000 -0.016454971 -0.730192779 -8.732327615 0.572912181 -0.608020879 0.549620090 32.391083493
-0.453180582 -0.792962865 -0.407231205 -21.814682628 0.682626661 -0.014910985 -0.730615155 -9.435484552 0.573278468 -0.609087479 0.548054962 32.905544673
-0.452308509 -0.795208814 -0.403806827 -22.153996571 0.681785685 -0.016405856 -0.731367984 -10.113417898 0.574965471 -0.606113677 0.549582494 33.409503798
-0.448936919 -0.800484316 -0.397090043 -22.545450888 0.682856849 -0.020714056 -0.730258483 -10.904953596 0.576335117 -0.598995649 0.555915502 33.962717563
-0.447531477 -0.803216145 -0.393140434 -22.864551960 0.682692304 -0.022904668 -0.730346900 -11.561560489 0.577621671 -0.595247176 0.558600041 34.435749153
-0.444783762 -0.804718946 -0.393185481 -23.228322905 0.681974992 -0.019720843 -0.731109567 -12.250818086 0.580583771 -0.593328329 0.557569707 34.948839112
-0.443507468 -0.804813385 -0.394431921 -23.566913801 0.681557748 -0.017051293 -0.731565643 -12.916675374 0.582048247 -0.593282958 0.556089175 35.433334401
-0.442781462 -0.804971088 -0.394925466 -23.917163697 0.680512820 -0.014910103 -0.732584460 -13.568808866 0.583820930 -0.593126661 0.554395062 35.935939980
-0.443521975 -0.804799275 -0.394444400 -24.225309825 0.678928384 -0.014379174 -0.734063682 -14.164806375 0.585102135 -0.593372873 0.552778550 36.400443399
-0.438849409 -0.807250718 -0.394661214 -24.545534655 0.680074982 -0.011324973 -0.733055089 -14.855935526 0.587289720 -0.590100011 0.553960975 36.840248889
-0.438794985 -0.807265472 -0.394691548 -24.851049574 0.679077241 -0.010249367 -0.733995266 -15.467955022 0.588483697 -0.590099490 0.552692981 37.311199269
-0.439711717 -0.806365834 -0.395509480 -25.123510729 0.677840282 -0.009045671 -0.735153541 -16.057327121 0.589225049 -0.591347883 0.550564731 37.801959165
-0.440128833 -0.806412628 -0.394949723 -25.462903667 0.677159400 -0.009228359 -0.735778489 -16.670575436 0.589696327 -0.591281245 0.550131558 38.226709830
-0.426152033 -0.811115610 -0.400606930 -25.893218718 0.664187156 0.020129021 -0.747295286 -16.703401126 0.614206697 -0.584539383 0.530154547 39.027247545
-0.426462006 -0.807652200 -0.407219941 -26.059492030 0.664625696 0.025567155 -0.746738913 -17.329813157 0.613516782 -0.589104612 0.525882986 39.430508414
-0.408313832 -0.815866430 -0.409440816 -26.479002050 0.659896445 0.046100188 -0.749940968 -18.044063629 0.630726959 -0.576399809 0.519564012 40.405374056
-0.407498780 -0.820643373 -0.400611032 -27.228730253 0.650168854 0.047335846 -0.758313773 -18.704520679 0.641268435 -0.569476753 0.514267462 41.441082290
-0.503590712 -0.808914598 -0.303403310 -32.973713084 0.549489576 -0.028897833 -0.835000671 -28.619604717 0.666676534 -0.587215539 0.459042820 46.577418593
-0.504595896 -0.810518492 -0.297393268 -33.185104466 0.547386534 -0.033967938 -0.836190267 -29.127148348 0.667645838 -0.584727247 0.460806990 46.907791738
-0.503370870 -0.811548289 -0.296659976 -33.379329629 0.548485906 -0.034812169 -0.835434811 -29.809341645 0.667668314 -0.583247363 0.462646231 47.204960542
-0.501662781 -0.811562614 -0.299500547 -33.561200164 0.548488385 -0.030675338 -0.835595306 -30.401197338 0.668950630 -0.583459636 0.460521343 47.515480902
-0.505376776 -0.807362911 -0.304564351 -33.795474168 0.547140144 -0.026890829 -0.836608957 -30.927622567 0.667257055 -0.589442120 0.455330660 47.766539890
-0.510673621 -0.805402173 -0.300898309 -33.970945803 0.540290281 -0.028379001 -0.841000026 -31.263929581 0.668804056 -0.592048960 0.449643374 48.181927756
-0.514196394 -0.804557609 -0.297134855 -34.155925137 0.546259921 -0.040128686 -0.836653923 -31.962523341 0.661212649 -0.592517293 0.460131602 48.344578088
-0.516463092 -0.804290720 -0.293908681 -34.334175316 0.546893478 -0.045700105 -0.835953960 -32.455441337 0.658918355 -0.592476108 0.463463767 48.641923025
-0.900728486 -0.211861416 -0.379213574 -37.521170157 0.429387758 -0.302253946 -0.851039779 -36.750412537 0.065683693 -0.929385438 0.363219438 41.002557195
-0.897853740 -0.212219305 -0.385774063 -37.661635832 0.435141951 -0.294055022 -0.850989498 -37.209943090 0.067157599 -0.931930583 0.356363924 41.285952373
-0.896655516 -0.212103407 -0.388614243 -37.937159180 0.437951213 -0.296329731 -0.848756399 -37.713805763 0.064866170 -0.931236186 0.358596633 41.415667456
-0.895599903 -0.206531310 -0.394012224 -38.185038832 0.440886919 -0.293963135 -0.848059196 -38.181429031 0.059325708 -0.933236569 0.354330307 41.642860988
-0.893324408 -0.200026814 -0.402443506 -38.386624210 0.446444702 -0.292238904 -0.845744377 -38.608822245 0.051561904 -0.935192866 0.350365058 41.862701966
-0.523014793 -0.741252409 -0.420714146 -43.380959047 0.519314304 0.114263310 -0.846910001 -35.644862734 0.675846270 -0.661429332 0.325181578 44.137774442
-0.512761131 -0.744051256 -0.428326688 -43.584045093 0.531605009 0.116590770 -0.838929500 -36.069086784 0.674145487 -0.657871052 0.335758159 44.305890631
-0.501343693 -0.746320111 -0.437790810 -43.799908299 0.545690903 0.119931706 -0.829359888 -36.462741275 0.671472963 -0.654692811 0.347133091 44.490359222
-0.730028876 -0.344435672 -0.590272740 -41.775270718 0.588750157 0.121619603 -0.799113212 -40.215445437 0.347031833 -0.930898888 0.114000734 48.182387464
-0.716385287 -0.335629367 -0.611673972 -42.147632865 0.616339255 0.106440848 -0.780253977 -40.462421383 0.326983245 -0.935961150 0.130608897 48.263835831
-0.329116535 0.907924346 -0.259529744 -48.097595330 0.083152200 -0.245908432 -0.965719812 -38.406595603 -0.940621081 -0.339414827 0.005436624 48.305105386
-0.325767126 0.905086472 -0.273302502 -48.231463148 0.114775184 -0.249074441 -0.961659285 -38.814064752 -0.938457478 -0.344645326 -0.022741202 48.299505341
0.944418842 0.288818444 -0.157025337 -41.711967339 -0.170000146 0.020235151 -0.985236261 -41.810310443 -0.281376973 0.957170019 0.068209635 41.587904855
