1.000000000 0.000000000 0.000000000 0.000000000 0.000000000 1.000000000 0.000000000 0.000000000 0.000000000 0.000000000 1.000000000 0.000000000
0.999992305 -0.002280130 -0.003192362 -0.017143706 0.002272551 0.999994596 -0.002375490 -0.000663229 0.003197761 0.002368217 0.999992083 0.664547835
0.999972540 -0.001478489 -0.007261707 -0.033257563 0.001452415 0.999992485 -0.003594496 -0.010840136 0.007266967 0.003583850 0.999967173 1.357201526
0.999939423 -0.001746847 -0.010867291 -0.058600579 0.001687814 0.999983784 -0.005438995 -0.007484138 0.010876615 0.005420324 0.999926157 2.059046450
0.999878070 -0.000546862 -0.015605970 -0.088956390 0.000449081 0.999980252 -0.006268424 -0.014763079 0.015609090 0.006260651 0.999858570 2.805711907
0.999794214 -0.002132770 -0.020173760 -0.113328119 0.001989794 0.999972782 -0.007104602 -0.011746111 0.020188363 0.007062999 0.999771246 3.561572716
0.999661831 0.000245736 -0.026003121 -0.119677886 -0.000477341 0.999960271 -0.008900995 -0.019350919 0.025999901 0.008910397 0.999622234 4.354223917
0.999498374 0.002880326 -0.031538941 -0.135880083 -0.003177953 0.999950856 -0.009390773 -0.028947078 0.031510342 0.009486292 0.999458408 5.138637256
0.999364472 0.002914333 -0.035526886 -0.181870925 -0.003168694 0.999969735 -0.007105457 -0.050960865 0.035505103 0.007213515 0.999343461 5.912762150
0.999214861 0.002471864 -0.039541781 -0.229397956 -0.002683831 0.999982309 -0.005308409 -0.040318836 0.039527960 0.005410364 0.999203817 6.699167171
0.999106897 0.002971211 -0.042149497 -0.285611068 -0.003093725 0.999991177 -0.002841726 -0.052949338 0.042140682 0.002969587 0.999107274 7.510015156
0.998977876 0.004998718 -0.044924553 -0.332628210 -0.005206778 0.999976250 -0.004515495 -0.051068534 0.044900914 0.004744791 0.998980177 8.332871411
0.998885455 0.003408567 -0.047076838 -0.378957296 -0.003650622 0.999980551 -0.005056691 -0.040425368 0.047058687 0.005222915 0.998878472 9.147762590
0.998814861 0.000179479 -0.048670744 -0.433559931 -0.000473487 0.999981712 -0.006029301 -0.041432628 0.048668772 0.006045200 0.998796679 9.996878723
0.998716428 0.002062256 -0.050608736 -0.481405672 -0.002346610 0.999981790 -0.005559907 -0.055668270 0.050596349 0.005671529 0.998703081 10.828346309
0.998629156 -0.000466993 -0.052341102 -0.541148117 0.000174579 0.999984354 -0.005591135 -0.076595180 0.052342894 0.005574333 0.998613613 11.754331162
0.998510694 -0.001061223 -0.054546022 -0.596161079 0.000665345 0.999973313 -0.007275334 -0.080388608 0.054552287 0.007228206 0.998484753 12.638138004
0.998479931 -0.000171752 -0.055116225 -0.682696776 -0.000380660 0.999949806 -0.010012011 -0.095676459 0.055115178 0.010017773 0.998429748 13.532218672
0.998295999 0.003512115 -0.058247437 -0.580793660 -0.004196591 0.999923528 -0.011633025 -0.116304943 0.058202126 0.011857642 0.998234396 14.147104931
0.998166989 0.009608926 -0.059752251 -0.568812798 -0.010294452 0.999884559 -0.011175561 -0.176881265 0.059637968 0.011770193 0.998150678 14.929671998
0.998084958 0.007558683 -0.061394484 -0.621283558 -0.008187339 0.999916535 -0.009994514 -0.183647608 0.061313815 0.010478032 0.998063539 15.826704802
0.997960048 0.005073629 -0.063639624 -0.615657690 -0.005590759 0.999952766 -0.007950459 -0.202943798 0.063596281 0.008290034 0.997941275 16.626766188
0.997882570 0.005868443 -0.064776058 -0.658181735 -0.006376527 0.999950486 -0.007639751 -0.232912364 0.064728017 0.008036621 0.997870581 17.487490241
0.997799431 0.004656476 -0.066140857 -0.743337277 -0.005223214 0.999951092 -0.008398315 -0.241730528 0.066098516 0.008725301 0.997774952 18.415467830
0.997624568 -0.003445962 -0.068799319 -0.729091986 0.002899911 0.999963513 -0.008035165 -0.235062863 0.068824498 0.007816566 0.997598160 19.253536398
0.997639257 -0.002912254 -0.068610725 -0.840587935 0.002482537 0.999976773 -0.006347556 -0.245478538 0.068627617 0.006162242 0.997623314 20.237826046
0.997658768 0.000132947 -0.068388337 -0.951695455 -0.000358994 0.999994513 -0.003293074 -0.261568287 0.068387524 0.003309915 0.997653342 21.250633963
0.997737202 0.001748633 -0.067211744 -1.038445148 -0.001767568 0.999998413 -0.000222257 -0.269191140 0.067211248 0.000340555 0.997738709 22.213541477
0.997827543 -0.000453464 -0.065878587 -1.112713057 0.000642826 0.999995723 0.002853234 -0.280461827 0.065877012 -0.002889384 0.997823567 23.169616755
0.997901315 -0.001163039 -0.064742667 -1.150423680 0.001417297 0.999991463 0.003881425 -0.291848682 0.064737600 -0.003965039 0.997894444 24.071766565
0.997970648 -0.002902206 -0.063609449 -1.177652058 0.003013535 0.999994091 0.001654322 -0.299319999 0.063604272 -0.001842654 0.997973497 24.948516850
0.998026592 -0.002848020 -0.062728073 -1.250060555 0.002696619 0.999993244 -0.002498135 -0.311107487 0.062734764 0.002324052 0.998027529 25.920142865
0.998104789 -0.004443990 -0.061376548 -1.285289093 0.004106356 0.999975742 -0.005626067 -0.312751987 0.061400061 0.005363371 0.998098826 26.823006273
0.998112428 -0.003833301 -0.061293452 -1.306416570 0.003520268 0.999980209 -0.005214299 -0.340362139 0.061312227 0.004988687 0.998106169 27.753485472
0.998104354 -0.003939883 -0.061418039 -1.360341371 0.003884668 0.999991936 -0.001018381 -0.346196725 0.061421556 0.000777862 0.998111611 28.712941315
0.998076552 -0.006062032 -0.061696415 -1.445312764 0.006266894 0.999975472 0.003127510 -0.396711207 0.061675942 -0.003508139 0.998090062 29.721959352
0.998006033 -0.012136341 -0.061940834 -1.540349988 0.012341380 0.999919553 0.002928717 -0.436100740 0.061900307 -0.003687313 0.998075526 30.732616916
0.997805980 -0.012851776 -0.064946575 -1.543619472 0.012783668 0.999917214 -0.001464151 -0.447204150 0.064960016 0.000630683 0.997887668 31.718469663
0.997671893 -0.011403459 -0.067236564 -1.580612156 0.011099855 0.999926451 -0.004887333 -0.489812913 0.067287352 0.004129639 0.997725092 32.687574597
0.997629477 -0.008567613 -0.068279006 -1.675517996 0.008251007 0.999953868 -0.004917629 -0.542174832 0.068317988 0.004342601 0.997654146 33.656237836
0.997536395 -0.008443044 -0.069640910 -1.750190042 0.008211396 0.999959763 -0.003611934 -0.559347211 0.069668604 0.003031187 0.997565586 34.692006599
0.997464675 -0.005294717 -0.070966104 -1.832788278 0.005279865 0.999985983 -0.000396860 -0.583370252 0.070967211 0.000021162 0.997478649 35.681412768
0.997322248 -0.004234811 -0.073009589 -1.870544123 0.004326869 0.999990031 0.001102784 -0.605683264 0.073004191 -0.001415734 0.997330629 36.682759455
0.997250730 -0.002463136 -0.074060215 -1.945573648 0.002683014 0.999992284 0.002869557 -0.608433042 0.074052575 -0.003060372 0.997249643 37.661172489
0.997272022 -0.002990440 -0.073753452 -2.028271200 0.003479317 0.999972816 0.006500942 -0.638324430 0.073732006 -0.006739820 0.997255316 38.670023963
0.997252632 0.004697285 -0.073926469 -2.104445109 -0.004071537 0.999954619 0.008612885 -0.649686004 0.073963571 -0.008288228 0.997226502 39.621880745
0.997208831 0.005162530 -0.074484197 -2.166191987 -0.004567912 0.999956344 0.008151294 -0.668664417 0.074523027 -0.007788305 0.997188879 40.606274635
0.997253163 0.005967395 -0.073827632 -2.256815420 -0.005544866 0.999967063 0.005926822 -0.669512081 0.073860568 -0.005501177 0.997253405 41.601370953
0.997200726 0.009408696 -0.074176735 -2.332969269 -0.009178283 0.999951939 0.003446552 -0.671612253 0.074205598 -0.002756089 0.997239155 42.591630794
0.997114973 0.010738999 -0.075142555 -2.404778831 -0.010511257 0.999938887 0.003425626 -0.695874657 0.075174751 -0.002625901 0.997166918 43.557158533
0.997070253 0.010560414 -0.075758752 -2.515967236 -0.010244887 0.999937157 0.004552328 -0.721565671 0.075802065 -0.003762851 0.997115785 44.578459081
0.996961003 0.009377951 -0.077335712 -2.565349584 -0.008930130 0.999941309 0.006134409 -0.723453477 0.077388702 -0.005425148 0.996986237 45.573320450
0.996919830 0.013520813 -0.077253088 -2.642687344 -0.013363802 0.999907451 0.002549054 -0.760281520 0.077280404 -0.001508807 0.997008256 46.528093465
0.996835598 0.013804383 -0.078283010 -2.712543590 -0.013971416 0.999901137 -0.001586373 -0.764368516 0.078253372 0.002675077 0.996929914 47.472974663
0.996773412 0.017103337 -0.078423474 -2.784274042 -0.017394699 0.999844099 -0.003033567 -0.790806257 0.078359363 0.004387932 0.996915521 48.395889875
0.996819835 0.015436929 -0.078178759 -2.865208535 -0.015440648 0.999880631 0.000556953 -0.796861469 0.078178024 0.000651949 0.996939202 49.365304497
0.996754334 0.014648318 -0.079159483 -2.925941438 -0.014418748 0.999890020 0.003470941 -0.816261632 0.079201621 -0.002318295 0.996855922 50.339554782
0.996695270 0.014592435 -0.079909948 -2.999331434 -0.014255633 0.999886940 0.004783678 -0.859226466 0.079970719 -0.003628703 0.996790608 51.316438970
0.996672848 0.014280668 -0.080245227 -3.053238864 -0.014023429 0.999894566 0.003768342 -0.903339039 0.080290581 -0.002630491 0.996768029 52.255814487
0.996593102 0.012464952 -0.081528000 -3.112533389 -0.012287386 0.999920917 0.002679357 -0.929121977 0.081554951 -0.001668463 0.996667450 53.231865521
0.996536887 0.013338088 -0.082075141 -3.205256496 -0.013088901 0.999907951 0.003573408 -0.948678016 0.082115248 -0.002486760 0.996619738 54.190400638
0.996451973 0.011678242 -0.083349169 -3.293910856 -0.011101126 0.999911116 0.007384173 -0.967168154 0.083427995 -0.006432705 0.996493046 55.165793352
0.996444415 0.012451392 -0.083327615 -3.375586915 -0.011499982 0.999863204 0.011887966 -0.974342213 0.083464238 -0.010887432 0.996451296 56.115955847
0.996314511 0.016781886 -0.084117554 -3.462151255 -0.015715344 0.999787709 0.013325379 -0.975188615 0.084323322 -0.011954332 0.996366735 57.074369915
0.996191903 0.016070575 -0.085693805 -3.546564530 -0.015283510 0.999834851 0.009832829 -0.980228245 0.085837672 -0.008485683 0.996272998 57.998694256
0.995959506 0.022527276 -0.086932061 -3.639680637 -0.022532315 0.999745689 0.000923404 -0.995747881 0.086930755 0.001039108 0.996213814 58.922022231
0.995814465 0.024937879 -0.087929825 -3.716251889 -0.025390176 0.999669499 -0.004028975 -1.012525994 0.087800290 0.006244665 0.996118524 59.825115699
0.996059155 0.024187287 -0.085329568 -4.098788631 -0.024675810 0.999684575 -0.004674924 -0.935135143 0.085189579 0.006762077 0.996341814 61.027253684
0.995828442 0.028688201 -0.086618139 -4.171169764 -0.029007340 0.999576250 -0.002427776 -0.967154423 0.086511787 0.004930210 0.996238628 61.915228013
0.995655679 0.032753538 -0.087160628 -4.254472016 -0.032941742 0.999457013 -0.000721418 -0.997689964 0.087089672 0.003589507 0.996194009 62.765380062
0.995570816 0.033482496 -0.087850284 -4.352213071 -0.033718466 0.999430647 -0.001203052 -1.003148979 0.087759985 0.004159900 0.996132963 63.633220608
0.995320472 0.035724670 -0.089782552 -4.426908119 -0.035807170 0.999358478 0.000692145 -1.070829840 0.089749681 0.002525953 0.995961151 64.490733218
0.995201618 0.036207674 -0.090899632 -4.508701284 -0.036072386 0.999344274 0.003131310 -1.130069577 0.090953404 0.000162682 0.995855136 65.362332054
0.995051016 0.036227554 -0.092525887 -4.599015779 -0.036064162 0.999343563 0.003437872 -1.138675054 0.092589696 -0.000083990 0.995704344 66.223938127
0.994940350 0.036592051 -0.093566673 -4.703198387 -0.036284968 0.999329067 0.004981696 -1.171428188 0.093686186 -0.001561427 0.995600553 67.050895189
0.994670913 0.038732395 -0.095548821 -4.765549205 -0.038176243 0.999241796 0.007642474 -1.176013177 0.095772386 -0.003954051 0.995395407 67.832279190
0.994479321 0.040553512 -0.096779612 -4.846711836 -0.039554982 0.999142735 0.012214715 -1.187694201 0.097191996 -0.008319166 0.995230881 68.616841708
0.994245954 0.042827968 -0.098187310 -4.938244528 -0.041647438 0.999033684 0.014042400 -1.194060934 0.098693838 -0.009872349 0.995068874 69.385278033
0.994015465 0.045530912 -0.099298496 -5.024607091 -0.044713741 0.998945281 0.010440637 -1.219170983 0.099669136 -0.005938147 0.995002915 70.150097703
0.993777422 0.045064374 -0.101860878 -5.077767820 -0.044882704 0.998983949 0.004075836 -1.254790577 0.101941057 0.000521318 0.994790304 70.865569563
0.993670795 0.044556863 -0.103116619 -5.164381675 -0.045005520 0.998984681 -0.002027285 -1.253500413 0.102921593 0.006655271 0.994667207 71.575319835
0.993610646 0.045176404 -0.103426190 -5.252789145 -0.045811627 0.998942969 -0.003773404 -1.228293368 0.103146397 0.008487417 0.994629974 72.275492087
0.993390387 0.048377755 -0.104091940 -5.331056621 -0.048643807 0.998816189 -0.000017348 -1.255295711 0.103967876 0.005080661 0.994567679 72.945281735
0.993304895 0.048576412 -0.104812773 -5.417581309 -0.048557681 0.998816644 0.002731983 -1.289728885 0.104821452 0.002375773 0.994488220 73.585172464
0.993382268 0.045831084 -0.105314674 -5.512144745 -0.046153128 0.998934183 -0.000621590 -1.303487216 0.105173939 0.005478078 0.994438753 74.260810375
0.993664328 0.037590974 -0.105915633 -5.563627429 -0.038467169 0.999240374 -0.006241138 -1.297938985 0.105600566 0.010275870 0.994355533 74.886253900
0.993978119 0.032817520 -0.104549075 -5.647637691 -0.034223652 0.999345904 -0.011683571 -1.291597717 0.104097264 0.015191265 0.994451097 75.487980402
0.994164455 0.035580829 -0.101838311 -5.678242416 -0.036902286 0.999256996 -0.011121052 -1.333737189 0.101366948 0.014814221 0.994738800 76.030695063
0.994343940 0.040026464 -0.098376879 -5.733203608 -0.040990639 0.999129096 -0.007798466 -1.355495456 0.097979058 0.011786888 0.995118673 76.620538958
0.994824125 0.039206167 -0.093743465 -5.776872977 -0.039851813 0.999192968 -0.005024551 -1.369249029 0.093470818 0.008734392 0.995583707 77.173253612
0.995562280 0.035435343 -0.087178453 -5.857141097 -0.035583375 0.999366701 -0.000144118 -1.392220592 0.087118136 0.003245582 0.996192701 77.718844646
0.996371929 0.031520116 -0.079053530 -5.843600043 -0.031491041 0.999502730 0.001614770 -1.382675310 0.079065116 0.000880567 0.996869065 78.201943072
0.997071231 0.034695578 -0.068155543 -5.878170533 -0.034636268 0.999397878 0.002052083 -1.407082577 0.068185703 0.000314580 0.997672597 78.698515749
0.997824064 0.040257059 -0.052215968 -5.957636460 -0.040262074 0.999188696 0.000956261 -1.417564387 0.052212101 0.001148143 0.998635358 79.260576342
0.998354358 0.045923834 -0.034344964 -5.970147288 -0.045940230 0.998944142 0.000312017 -1.413226838 0.034323030 0.001266312 0.999409989 79.763036001
0.998956590 0.043874957 -0.012677488 -5.956451931 -0.043870120 0.999037025 0.000659531 -1.432662264 0.012694217 -0.000102680 0.999919420 80.253030349
0.999135385 0.039350568 0.013416966 -5.924360470 -0.039365311 0.999224536 0.000836471 -1.438256812 -0.013373646 -0.001363911 0.999909639 80.720438585
0.998328913 0.039297035 0.042368909 -5.872649224 -0.039400880 0.999222173 0.001618380 -1.450655325 -0.042272355 -0.003285047 0.999100724 81.187768073
0.996397004 0.039353993 0.075128379 -5.814411091 -0.039614687 0.999213064 0.001982367 -1.457801404 -0.074991244 -0.004951412 0.997171899 81.642469641
0.992872947 0.038359090 0.112835685 -5.742926253 -0.038820650 0.999244397 0.001895383 -1.473329138 -0.112677721 -0.006262230 0.993611854 82.070063036
