1.000000000 0.000000000 0.000000000 0.000000000 0.000000000 1.000000000 0.000000000 0.000000000 0.000000000 0.000000000 1.000000000 0.000000000
0.999990781 -0.002267453 -0.003646389 0.003602200 0.002258392 0.999994357 -0.002487055 -0.002843758 0.003652008 0.002478797 0.999990259 0.676206777
0.999968158 -0.001327487 -0.007868952 -0.010997586 0.001297613 0.999991937 -0.003800305 -0.012653877 0.007873933 0.003789974 0.999961818 1.371050398
0.999930349 -0.001484460 -0.011708678 -0.029974456 0.001418626 0.999983151 -0.005629024 -0.011260005 0.011716837 0.005612022 0.999915607 2.079294317
0.999868527 -0.000404139 -0.016210039 -0.069527478 0.000306345 0.999981742 -0.006034975 -0.019249642 0.016212182 0.006029216 0.999850396 2.821216742
0.999789065 -0.001793045 -0.020459974 -0.094302197 0.001666932 0.999979519 -0.006179297 -0.026370558 0.020470635 0.006143888 0.999771577 3.567687617
0.999676864 0.000625933 -0.025412101 -0.113509172 -0.000812813 0.999972700 -0.007344291 -0.039068299 0.025406810 0.007362573 0.999650082 4.323840078
0.999531871 0.002641686 -0.030480492 -0.141626737 -0.002872665 0.999967473 -0.007536623 -0.051339244 0.030459592 0.007620655 0.999506948 5.102976478
0.999398752 0.002202608 -0.034601782 -0.178970832 -0.002390406 0.999982633 -0.005386986 -0.066056875 0.034589315 0.005466459 0.999386660 5.877093758
0.999240431 0.001870127 -0.038923808 -0.214669257 -0.001991664 0.999993261 -0.003083889 -0.069573723 0.038917778 0.003159070 0.999237423 6.646696641
0.999136793 -0.000248195 -0.041540423 -0.403668047 0.000193783 0.999999118 -0.001313878 -0.039948373 0.041540712 0.001304694 0.999135960 7.728306581
0.999019237 0.001194056 -0.044262148 -0.454013875 -0.001281953 0.999997262 -0.001957510 -0.051577434 0.044259689 0.002012332 0.999018033 8.560601711
0.998925307 0.000559142 -0.046345640 -0.497117837 -0.000662380 0.999997334 -0.002212234 -0.053592460 0.046344280 0.002240555 0.998923014 9.368505020
0.998855215 -0.000155234 -0.047835501 -0.500579771 0.000031594 0.999996657 -0.002585433 -0.082144951 0.047835742 0.002580962 0.998851881 10.124340954
0.998753600 -0.000271677 -0.049911649 -0.529054203 0.000189953 0.999998634 -0.001642126 -0.095385743 0.049912026 0.001630599 0.998752287 10.929095686
0.998702729 -0.000900099 -0.050912173 -0.600395820 0.000799985 0.999997706 -0.001986737 -0.114351819 0.050913844 0.001943431 0.998701158 11.807108569
0.998595851 0.000228095 -0.052974278 -0.630441993 -0.000462553 0.999990153 -0.004413652 -0.114241539 0.052972749 0.004431958 0.998586123 12.638502402
0.998507540 0.000563787 -0.054611117 -0.661420958 -0.000951857 0.999974481 -0.007080312 -0.124417079 0.054605732 0.007121727 0.998482596 13.463707715
0.998384523 0.002388257 -0.056768297 -0.694689448 -0.002862086 0.999961733 -0.008266880 -0.131868116 0.056746381 0.008416001 0.998353154 14.312432661
0.998289448 0.004290558 -0.058307536 -0.708809275 -0.004749146 0.999958856 -0.007728684 -0.155404985 0.058271977 0.007992375 0.998268751 15.137190412
0.998186937 0.002856681 -0.060122200 -0.733893061 -0.003245204 0.999974474 -0.006365566 -0.167006755 0.060102481 0.006549133 0.998170727 15.977468272
0.998087121 0.004476560 -0.061660836 -0.789181025 -0.004745542 0.999979850 -0.004216518 -0.211355133 0.061640718 0.004501066 0.998088254 16.878623879
0.998104021 0.005742897 -0.061281176 -0.915897592 -0.006051537 0.999969918 -0.004852048 -0.215822451 0.061251467 0.005213694 0.998108749 17.850929659
0.997996240 0.003571477 -0.063172385 -0.966065678 -0.003925366 0.999977287 -0.005478739 -0.220137743 0.063151383 0.005715736 0.997987592 18.741477198
0.997939175 0.003421197 -0.064075722 -1.027729901 -0.003836000 0.999972470 -0.006351723 -0.239235378 0.064052228 0.006584427 0.997924826 19.652808001
0.997856312 0.004372440 -0.065296726 -1.046492058 -0.004690200 0.999977890 -0.004713895 -0.254875635 0.065274671 0.005010044 0.997854757 20.513995082
0.997859146 0.004768982 -0.065225613 -1.089750042 -0.004848365 0.999987686 -0.001058817 -0.267904932 0.065219760 0.001372788 0.997869981 21.386249949
0.997927247 0.006040492 -0.064068111 -1.180028174 -0.005892171 0.999979507 0.002503737 -0.277149645 0.064081922 -0.002121047 0.997942387 22.354238995
0.998043023 0.004951586 -0.062334630 -1.257708034 -0.004612324 0.999973765 0.005585315 -0.288859248 0.062360651 -0.005286877 0.998039678 23.321969074
0.998131691 0.006415181 -0.060761612 -1.315161599 -0.006052114 0.999962728 0.006157436 -0.300806152 0.060798849 -0.005778196 0.998133314 24.250796264
0.998205198 0.005640328 -0.059620215 -1.365827219 -0.005426302 0.999978242 0.003751105 -0.314156850 0.059640075 -0.003420855 0.998214085 25.185325707
0.998261846 0.007137223 -0.058500831 -1.441523368 -0.007198621 0.999973738 -0.000838842 -0.332906498 0.058493308 0.001258509 0.998287007 26.147270601
0.998319556 0.005252986 -0.057710224 -1.462144890 -0.005478643 0.999977951 -0.003752652 -0.337699766 0.057689239 0.004062520 0.998326323 27.042773838
0.998366224 0.002535788 -0.057082856 -1.528894961 -0.002698477 0.999992514 -0.002773149 -0.349215429 0.057075396 0.002922655 0.998365593 28.022026858
0.998356755 0.001667136 -0.057280099 -1.583769633 -0.001575131 0.999997396 0.001651339 -0.355960649 0.057282703 -0.001558402 0.998356782 29.000954041
0.998328357 -0.001850742 -0.057767346 -1.659124160 0.002127479 0.999986553 0.004729412 -0.361596734 0.057757817 -0.004844405 0.998318870 29.987151898
0.998250856 -0.007923696 -0.058587053 -1.724964625 0.008164656 0.999959162 0.003874602 -0.375706991 0.058553959 -0.004346168 0.998274784 30.976152164
0.998166122 -0.009055650 -0.059853052 -1.802419654 0.009060739 0.999958933 -0.000186364 -0.392324588 0.059852281 -0.000356290 0.998207182 31.980228950
0.998077740 -0.008754571 -0.061352941 -1.860827041 0.008512447 0.999954920 -0.004206683 -0.401764572 0.061387003 0.003676333 0.998107269 32.944212492
0.997973619 -0.006663132 -0.063279207 -1.936440612 0.006371652 0.999968147 -0.004806939 -0.428368395 0.063309221 0.004394006 0.997984286 33.932118376
0.997895641 -0.005816719 -0.064579058 -1.985131450 0.005610673 0.999978576 -0.003371499 -0.453924836 0.064597286 0.003002072 0.997906899 34.930849656
0.997851733 -0.002135430 -0.065477930 -2.066819845 0.002095631 0.999997575 -0.000676490 -0.472411122 0.065479215 0.000537819 0.997853788 35.913951102
0.997782229 -0.001293716 -0.066550348 -2.144059592 0.001372427 0.999998412 0.001137029 -0.509695675 0.066548772 -0.001225842 0.997782420 36.924828517
0.997730322 -0.000030957 -0.067336490 -2.238533764 0.000246775 0.999994860 0.003196760 -0.517036017 0.067336045 -0.003206122 0.997725202 37.939917179
0.997765352 0.000423433 -0.066814090 -2.318247307 0.000010259 0.999978936 0.006490554 -0.541921421 0.066815431 -0.006476736 0.997744331 38.933251336
0.997710690 0.006136274 -0.067347792 -2.392928842 -0.005552191 0.999945367 0.008856402 -0.548221169 0.067398458 -0.008462200 0.997690252 39.909692768
0.997703246 0.006093808 -0.067461836 -2.469443722 -0.005570252 0.999952914 0.007946156 -0.551052767 0.067507082 -0.007552126 0.997690212 40.903566274
0.997730339 0.007225924 -0.066947425 -2.540552759 -0.006831990 0.999957987 0.006111323 -0.563949043 0.066988772 -0.005640069 0.997737788 41.878530933
0.997667485 0.012397448 -0.067125946 -2.596192012 -0.012175067 0.999918958 0.003720987 -0.588003165 0.067166636 -0.002895045 0.997737572 42.838708943
0.997603272 0.012169765 -0.068114673 -2.670412760 -0.011949791 0.999921988 0.003636004 -0.592781636 0.068153608 -0.002813333 0.997670873 43.838234545
0.997517603 0.012759744 -0.069251866 -2.738477011 -0.012453541 0.999910682 0.004851538 -0.625125193 0.069307585 -0.003977064 0.997587411 44.828176115
0.997455209 0.013252383 -0.070053412 -2.808042801 -0.012850808 0.999898327 0.006180015 -0.642087318 0.070128189 -0.005264046 0.997524098 45.816204511
0.997395688 0.017125031 -0.070061222 -2.890246682 -0.017000363 0.999852662 0.002375332 -0.660335916 0.070091577 -0.001178079 0.997539865 46.784891371
0.997301338 0.018971214 -0.070923444 -2.965394275 -0.019153010 0.999814789 -0.001884027 -0.676994740 0.070874566 0.003237340 0.997479982 47.745576853
0.997144269 0.021369401 -0.072433799 -2.993507645 -0.021654466 0.999760544 -0.003152429 -0.698527641 0.072349089 0.004711942 0.997368240 48.685667122
0.997145640 0.021340145 -0.072423545 -3.068527681 -0.021351262 0.999771843 0.000620772 -0.730988982 0.072420269 0.000927334 0.997373774 49.664618314
0.997122722 0.020577647 -0.072957774 -3.129080016 -0.020395556 0.999786739 0.003240047 -0.743557006 0.073008888 -0.001742710 0.997329768 50.645944317
0.997119838 0.020392278 -0.073049183 -3.201569816 -0.020170569 0.999789440 0.003771570 -0.770383396 0.073110713 -0.002287264 0.997321208 51.601138950
0.997151486 0.018793595 -0.073045982 -3.271985939 -0.018664525 0.999822803 0.002449218 -0.791245431 0.073079068 -0.001078873 0.997325567 52.557654865
0.997152091 0.016778689 -0.073526750 -3.344700413 -0.016734825 0.999859228 0.001212632 -0.814575477 0.073536746 0.000021278 0.997292508 53.532929022
0.997083108 0.016973143 -0.074412284 -3.429580782 -0.016867644 0.999855638 0.002046031 -0.830757386 0.074436269 -0.000784903 0.997225464 54.501315264
0.997035782 0.014908579 -0.075481014 -3.498888505 -0.014494635 0.999876771 0.006028956 -0.847783965 0.075561596 -0.004917015 0.997129013 55.449628066
0.997022323 0.015236441 -0.075593243 -3.578734439 -0.014457256 0.999836683 0.010844171 -0.862746222 0.075746124 -0.009719010 0.997079769 56.397239058
0.996916706 0.019419626 -0.076026043 -3.661352616 -0.018468733 0.999742423 0.013190690 -0.901493384 0.076262619 -0.011745914 0.997018579 57.348654621
0.996770287 0.021883422 -0.077266498 -3.750382494 -0.021219429 0.999730612 0.009404206 -0.919330818 0.077451479 -0.007734282 0.996966122 58.289553239
0.996556423 0.025004450 -0.079057405 -3.808981482 -0.024968785 0.999687194 0.001439785 -0.928023487 0.079068677 0.000539141 0.996869025 59.190403717
0.996409540 0.027000798 -0.080243290 -3.879502466 -0.027366207 0.999619496 -0.003457310 -0.941232933 0.080119408 0.005640851 0.996769312 60.096561004
0.996154493 0.031351905 -0.081812491 -3.945123414 -0.031654094 0.999496005 -0.002398960 -0.955858429 0.081696046 0.004979435 0.996644852 60.998393090
0.996043857 0.033792473 -0.082187003 -4.053496233 -0.033918036 0.999424609 -0.000131685 -0.969148944 0.082135263 0.002918786 0.996616917 61.899325137
0.995887043 0.037244466 -0.082594473 -4.163255472 -0.037206599 0.999305597 0.001998117 -1.020507408 0.082611538 0.001083160 0.996581236 62.803544209
0.995720025 0.038004953 -0.084245205 -4.219645164 -0.037995156 0.999276443 0.001720176 -1.031332930 0.084249624 0.001488096 0.996443569 63.651070604
0.995519626 0.039623783 -0.085852371 -4.305579767 -0.039547656 0.999214334 0.002587978 -1.044455010 0.085887465 0.000818878 0.996304508 64.506464123
0.995373398 0.040752864 -0.087011513 -4.391903789 -0.040614868 0.999169238 0.003356437 -1.064027266 0.087076012 0.000193053 0.996201652 65.341044037
0.995200284 0.041171035 -0.088776914 -4.473279756 -0.040972467 0.999152033 0.004058627 -1.091861124 0.088868732 -0.000401738 0.996043266 66.188720875
0.995066772 0.041136473 -0.090276855 -4.539224126 -0.040896795 0.999153225 0.004503897 -1.077347973 0.090385685 -0.000789644 0.995906524 66.978740069
0.994824541 0.043833752 -0.091666434 -4.617913873 -0.043354231 0.999033697 0.007216851 -1.083332639 0.091894199 -0.003205373 0.995763617 67.769981675
0.994621345 0.045828076 -0.092887927 -4.692551322 -0.044966549 0.998924039 0.011347838 -1.091034525 0.093308032 -0.007109952 0.995611902 68.564273068
0.994297629 0.049243278 -0.094590302 -4.775792000 -0.048207670 0.998750058 0.013203839 -1.104878140 0.095122270 -0.008568568 0.995428718 69.345056190
0.994002410 0.051667855 -0.096382785 -4.850672351 -0.051024825 0.998655687 0.009126091 -1.108322974 0.096724742 -0.004153442 0.995302503 70.093869028
0.993831381 0.051608861 -0.098161661 -4.927524384 -0.051661224 0.998662645 0.002009915 -1.121010329 0.098134113 0.003073635 0.995168452 70.825497698
0.993697639 0.051208148 -0.099713233 -5.006100682 -0.051855124 0.998646980 -0.003905722 -1.127844788 0.099378314 0.009051749 0.995008551 71.529521289
0.993585228 0.052050218 -0.100395065 -5.076566381 -0.052832189 0.998590155 -0.005144150 -1.134034897 0.099985769 0.010415243 0.994934354 72.221308832
0.993339981 0.054731590 -0.101391001 -5.142214677 -0.055184896 0.998474757 -0.001669302 -1.146027647 0.101144992 0.007253436 0.994845253 72.891375191
0.993185662 0.054576714 -0.102973891 -5.211134374 -0.054783931 0.998497899 0.000816899 -1.167846822 0.102863797 0.004829982 0.994683724 73.557126339
0.993289597 0.051390637 -0.103608775 -5.297795688 -0.051924282 0.998647999 -0.002458215 -1.177816109 0.103342366 0.007821530 0.994615091 74.191483276
0.993656984 0.043385512 -0.103747263 -5.357795769 -0.044433079 0.998981862 -0.007806464 -1.188147104 0.103302946 0.012366758 0.994573056 74.802898356
0.993932870 0.039233688 -0.102752944 -5.424886415 -0.040749981 0.999088678 -0.012698530 -1.199139672 0.102161093 0.016808666 0.994625849 75.403477212
0.994125118 0.041826743 -0.099828725 -5.481130783 -0.043331410 0.998976805 -0.012951154 -1.216627672 0.099184876 0.017200787 0.994920345 75.982970556
0.994277063 0.046774722 -0.096048152 -5.536608680 -0.047975783 0.998796086 -0.010232480 -1.228094322 0.095453897 0.014781905 0.995324092 76.564693673
0.994810389 0.045279788 -0.091115482 -5.595702674 -0.046095698 0.998913410 -0.006869217 -1.254688922 0.090705440 0.011033601 0.995816641 77.125891421
0.995464319 0.041528720 -0.085592957 -5.626966035 -0.041912974 0.999117627 -0.002696415 -1.266986733 0.085405453 0.006271640 0.996326540 77.671852579
0.996344778 0.037318533 -0.076840163 -5.673301320 -0.037393610 0.999300508 0.000462018 -1.282266063 0.076803655 0.002413002 0.997043317 78.187135929
0.996983296 0.040942878 -0.065939282 -5.711614380 -0.041034312 0.999157737 -0.000032296 -1.293179649 0.065882421 0.002737972 0.997823637 78.700674143
0.997649132 0.045947442 -0.050843299 -5.743319521 -0.046050369 0.998938754 -0.000854189 -1.304744947 0.050750094 0.003193533 0.998706278 79.210793644
0.998149209 0.051213273 -0.032792648 -5.755659545 -0.051273914 0.998684117 -0.001010421 -1.311223620 0.032697749 0.002689958 0.999461666 79.693648491
0.998708620 0.049646092 -0.010786972 -5.744788228 -0.049660715 0.998765549 -0.001091876 -1.325580234 0.010719449 0.001626155 0.999941223 80.175872158
0.998833353 0.045734358 0.015501688 -5.718062650 -0.045722730 0.998953559 -0.001103867 -1.337352632 -0.015535951 0.000393799 0.999879232 80.641360697
0.997953583 0.045454392 0.044972717 -5.673099839 -0.045470114 0.998965472 -0.000673863 -1.346288011 -0.044956821 -0.001372430 0.998987988 81.091070429
0.995948032 0.045309352 0.077682555 -5.605929977 -0.045407471 0.998968422 -0.000503717 -1.351720800 -0.077625242 -0.003025693 0.996978017 81.543183105
0.992334293 0.045461102 0.114917096 -5.522892023 -0.045616491 0.998958208 -0.001278591 -1.363612760 -0.114855503 -0.003973325 0.993374263 81.992226014
0.986643176 0.045632293 0.156374348 -5.420407845 -0.045719197 0.998949696 -0.003042900 -1.368509905 -0.156348961 -0.004147053 0.987693173 82.436145641
0.978407400 0.045026506 0.201721522 -5.306916943 -0.045087000 0.998973822 -0.004297241 -1.391893058 -0.201708010 -0.004890566 0.979433490 82.855180050
0.966709085 0.047836388 0.251366716 -5.191128523 -0.047229911 0.998848315 -0.008448659 -1.397343310 -0.251481374 -0.003704632 0.967855048 83.256233679
0.951277654 0.048257930 0.304535708 -5.042819595 -0.046525859 0.998833188 -0.012946307 -1.417676421 -0.304805134 -0.001853253 0.952412933 83.638249415
0.931471256 0.047762377 0.360666125 -4.879180346 -0.044733294 0.998858583 -0.016747019 -1.434944327 -0.361054332 -0.000534417 0.932544628 83.996228648
0.907217526 0.047926422 0.417922741 -4.681420276 -0.043479504 0.998850862 -0.020161575 -1.456802349 -0.418408762 0.000119861 0.908258825 84.350009851
0.878165240 0.047946279 0.475948490 -4.466980401 -0.041647787 0.998849354 -0.023778773 -1.473742062 -0.476540945 0.001059491 0.879151639 84.676238120
0.844889081 0.046256028 0.532937915 -4.232302938 -0.037215769 0.998923235 -0.027701209 -1.492502036 -0.533645414 0.003570755 0.845700788 84.974573579
0.807730836 0.046144105 0.587742816 -3.982869746 -0.034336188 0.998922023 -0.031238093 -1.505017949 -0.588550696 0.005051123 0.808444534 85.259555251
0.767412226 0.045005213 0.639572519 -3.716626442 -0.032102999 0.998979321 -0.031775979 -1.527063071 -0.640349805 0.003853079 0.768073747 85.524267873
0.724393460 0.044924502 0.687921438 -3.426122183 -0.032261859 0.998990281 -0.031266451 -1.545052487 -0.688631460 0.000455588 0.725111374 85.775143014
0.679379775 0.043793609 0.732478833 -3.119942440 -0.029797046 0.999040599 -0.032093873 -1.563539593 -0.733181599 -0.000021777 0.680032898 85.996033701
0.632711145 0.042673056 0.773211237 -2.800231087 -0.025193926 0.999086296 -0.034523021 -1.585366728 -0.773977954 0.002362873 0.633208136 86.202426246
0.586098612 0.040107810 0.809246428 -2.460546002 -0.017537585 0.999168049 -0.036819054 -1.603029746 -0.810049906 0.007387368 0.586314401 86.386001883
0.538821861 0.042322182 0.841355950 -2.125120315 -0.018522217 0.999090977 -0.038394612 -1.628610914 -0.842216083 0.005104078 0.539115960 86.563039214
0.490919324 0.045402141 0.870021185 -1.787356069 -0.020827178 0.998967340 -0.040379237 -1.649551022 -0.870956053 0.001702862 0.491357969 86.724642944
0.445232998 0.047636937 0.894146688 -1.445748769 -0.019903786 0.998863614 -0.043304954 -1.671307395 -0.895193508 0.001483890 0.445675197 86.859217207
0.403011878 0.045279482 0.914073955 -1.087006563 -0.010791709 0.998941027 -0.044725424 -1.688395495 -0.915131119 0.008160457 0.403073742 86.970952301
0.364125535 0.037873455 0.930579495 -0.718754785 0.005778193 0.999061737 -0.042921543 -1.703695661 -0.931331953 0.021005898 0.363565049 87.058030689
0.329005421 0.034154401 0.943710183 -0.361060257 0.011624526 0.999123526 -0.040212555 -1.720404853 -0.944256482 0.024200332 0.328320028 87.139046327
0.295685445 0.038159398 0.954522906 -0.002633153 0.010981792 0.999000051 -0.043339344 -1.744151156 -0.955222235 0.023297185 0.294970716 87.231456422
0.263912431 0.045962589 0.963450917 0.365781953 0.000452547 0.998857987 -0.047775689 -1.772803741 -0.964546538 0.013044605 0.263590239 87.335599342
0.237077380 0.049728892 0.970217168 0.575750966 -0.001592468 0.998707574 -0.050800052 -1.812078827 -0.971489465 0.010498503 0.236850167 87.322424827
0.211317301 0.050824217 0.976095230 0.939298763 0.000791863 0.998637935 -0.052169423 -1.867397249 -0.977417194 0.011797236 0.210989227 87.403278957
0.188380072 0.052261552 0.980704685 1.352488540 0.009965575 0.998429983 -0.055120381 -1.888422747 -0.982045638 0.020156868 0.187563496 87.460475899
0.168871925 0.058785633 0.983883389 1.754300603 0.018737966 0.997847938 -0.062836145 -1.883637271 -0.985459873 0.029047234 0.167406979 87.489379592
0.149073361 0.065493798 0.986654801 2.105399807 0.019912762 0.997402950 -0.069215869 -1.908058672 -0.988625619 0.029965264 0.147382047 87.530092946
0.131895511 0.065797681 0.989077469 2.408036041 0.018145398 0.997467128 -0.068775524 -1.939621225 -0.991097532 0.027018387 0.130367511 87.542190101
0.117126311 0.060890364 0.991248602 2.761896101 0.016549620 0.997860357 -0.063252020 -1.989950484 -0.992979122 0.023813264 0.115867990 87.530090984
0.101908599 0.057992797 0.993101945 3.251742670 0.018058760 0.998026974 -0.060133523 -2.009622193 -0.994629840 0.024062313 0.100660252 87.628751984
0.088916037 0.055537132 0.994489600 3.766242774 0.020727711 0.998124924 -0.057593384 -2.055086888 -0.995823428 0.025734469 0.087598155 87.656452047
0.077827405 0.054784013 0.995460500 4.218266676 0.025248778 0.998060501 -0.056901108 -2.086976937 -0.996647076 0.029562627 0.076293230 87.662077347
0.068967645 0.054985480 0.996102435 4.703655913 0.029251058 0.997939166 -0.057112139 -2.130759564 -0.997189972 0.033075940 0.067217131 87.628438780
0.061282930 0.055407216 0.996581378 5.188312596 0.031715747 0.997845758 -0.057427813 -2.167050344 -0.997616416 0.035126668 0.059393631 87.646748318
0.056393453 0.055229545 0.996879870 5.656495686 0.032663197 0.997832286 -0.057130067 -2.226822929 -0.997874187 0.035783045 0.054467234 87.626208440
0.051349121 0.056538870 0.997079046 6.144275704 0.034337042 0.997705914 -0.058342759 -2.228876327 -0.998090294 0.037232594 0.049289944 87.620714316
0.045733533 0.057149314 0.997317602 6.710339231 0.035849077 0.997625244 -0.058810857 -2.267847418 -0.998310216 0.038442544 0.043576176 87.631349536
0.041884924 0.056938118 0.997498724 7.294786965 0.036932885 0.997604281 -0.058494953 -2.318889145 -0.998439590 0.039290562 0.039681690 87.616259928
0.039577322 0.056682656 0.997607494 7.890144957 0.038606824 0.997557488 -0.058211434 -2.374187750 -0.998470405 0.040818309 0.037292316 87.612981075
0.036717380 0.056324078 0.997737156 8.509776967 0.039286708 0.997557202 -0.057759696 -2.412632204 -0.998553148 0.041318593 0.034414900 87.616772639
0.032942750 0.055408631 0.997920167 9.262757525 0.040061742 0.997586456 -0.056712597 -2.489437563 -0.998654010 0.041846690 0.030643475 87.706866559
0.033007050 0.054727483 0.997955629 9.883554455 0.044326820 0.997437021 -0.056165138 -2.537340418 -0.998471666 0.046090045 0.030496558 87.692316040
0.034349181 0.054487229 0.997923482 10.568658507 0.047992874 0.997270814 -0.056103539 -2.573869689 -0.998256890 0.049820327 0.031640437 87.699381203
0.037368338 0.054278944 0.997826339 11.236369903 0.049981960 0.997172447 -0.056115186 -2.617523845 -0.998050806 0.051970248 0.034549709 87.697173468
0.041820060 0.054334185 0.997646670 11.911094471 0.052697231 0.997010425 -0.056508533 -2.651094415 -0.997734476 0.054936408 0.038831775 87.698860934
0.046656521 0.053999726 0.997450349 12.652434716 0.052468505 0.997026876 -0.056431055 -2.691200480 -0.997532067 0.054967605 0.043684521 87.714829509
0.051383215 0.052731192 0.997285910 13.369110197 0.055418901 0.996915772 -0.055566972 -2.706631435 -0.997140166 0.058123699 0.048302432 87.729364505
0.055572231 0.051066366 0.997147909 14.074452825 0.053715771 0.997091992 -0.054057146 -2.761813798 -0.997008698 0.056566645 0.052667557 87.738913925
0.060247869 0.048686598 0.996995391 14.815125796 0.050187134 0.997398777 -0.051739077 -2.812857409 -0.996920983 0.053153510 0.057647710 87.755893204
0.064466085 0.047203359 0.996802873 15.576918625 0.047020800 0.997627499 -0.050283379 -2.878146826 -0.996811501 0.050112041 0.062093599 87.787161272
0.068222364 0.047524442 0.996537574 16.359914269 0.041525963 0.997863896 -0.050430536 -2.960025275 -0.996805549 0.044822673 0.066103136 87.837182249
0.071610737 0.052042045 0.996074057 17.149659592 0.039515635 0.997705874 -0.054968200 -2.996030181 -0.996649596 0.043296812 0.069389979 87.882915597
0.072849668 0.057074912 0.995708482 17.938814017 0.033286292 0.997665869 -0.059622458 -3.058166673 -0.996787314 0.037486920 0.070779815 87.943793810
0.072823435 0.060228843 0.995524602 18.760986338 0.029704106 0.997601121 -0.062527351 -3.120498353 -0.996902409 0.034124625 0.070859697 88.004398166
0.072798745 0.059436049 0.995574055 19.549275416 0.024917189 0.997802719 -0.061391105 -3.195697720 -0.997035344 0.029276103 0.071157806 88.055804912
0.072866657 0.057500319 0.995682763 20.352714014 0.022168796 0.997996610 -0.059256313 -3.261250399 -0.997095279 0.026390897 0.071445964 88.116296655
0.072909438 0.056006285 0.995764786 21.156873656 0.022454462 0.998076760 -0.057780426 -3.329703120 -0.997085759 0.026572101 0.071511625 88.168302299
0.073556344 0.055284670 0.995757536 21.964452559 0.019822308 0.998184014 -0.056883657 -3.390124987 -0.997094048 0.023922366 0.072326896 88.229792950
0.074144647 0.056036170 0.995671893 22.752577378 0.018779922 0.998164536 -0.057574939 -3.432529633 -0.997070652 0.022967514 0.072956202 88.275390875
0.074435575 0.056568606 0.995620077 23.559603089 0.016190815 0.998189633 -0.057925076 -3.489548947 -0.997094380 0.020431587 0.073384927 88.337422122
0.073232703 0.058036237 0.995624812 24.350520007 0.013833968 0.998150221 -0.059200997 -3.539491355 -0.997218929 0.018108891 0.072294368 88.395003547
0.070423055 0.057746372 0.995844340 25.172779073 0.010732143 0.998221319 -0.058643151 -3.601714470 -0.997459480 0.014817373 0.069678052 88.464911938
0.066652459 0.056532779 0.996173426 25.976737356 0.008554597 0.998324528 -0.057227229 -3.655280611 -0.997739580 0.012336198 0.066057170 88.514971213
0.061799169 0.053936748 0.996630167 26.761853306 0.006734802 0.998493502 -0.054455203 -3.718919305 -0.998065882 0.010077393 0.061342816 88.559761937
0.055623038 0.052121401 0.997090486 27.570984405 0.004428666 0.998613832 -0.052448086 -3.770749083 -0.998442019 0.007333103 0.055315107 88.603202190
0.048692403 0.052185737 0.997449597 28.359034280 0.003971304 0.998616147 -0.052440637 -3.832699996 -0.998805926 0.006514636 0.048417775 88.624790282
0.040442018 0.053143532 0.997767612 29.155062972 0.004507573 0.998564702 -0.053368690 -3.884758222 -0.999171719 0.006655848 0.040144423 88.655281281
0.030723023 0.053395829 0.998100687 29.940751831 0.004654553 0.998553606 -0.053563333 -3.937994976 -0.999517099 0.006291340 0.030430051 88.675238448
0.020894486 0.052564544 0.998398913 30.701179192 0.006684626 0.998587258 -0.052714356 -3.984777177 -0.999759339 0.007775362 0.020513593 88.679977875
0.010185000 0.051387821 0.998626836 31.483624717 0.005187105 0.998662484 -0.051442559 -4.042198966 -0.999934678 0.005703925 0.009904824 88.686738397
-0.000506713 0.050405728 0.998728695 32.260726823 0.007634820 0.998699909 -0.050400401 -4.096305236 -0.999970726 0.007599575 -0.000890893 88.678884446
-0.011273133 0.050750354 0.998647745 33.039346193 0.007942453 0.998684246 -0.050662552 -4.149247916 -0.999904912 0.007360587 -0.011661383 88.660905695
-0.022263417 0.051306988 0.998434742 33.825592931 0.008716817 0.998654277 -0.051123899 -4.202897297 -0.999714138 0.007564981 -0.022680690 88.642835409
-0.032495514 0.052379954 0.998098383 34.584655357 0.008951039 0.998600979 -0.052114907 -4.259481817 -0.999431799 0.007240517 -0.032918907 88.613727071
-0.042689088 0.053277181 0.997666870 35.358429631 0.009269940 0.998555305 -0.052927974 -4.315372747 -0.999045399 0.006988865 -0.043121291 88.574286155
-0.052346729 0.053908001 0.997172877 36.117672381 0.010438795 0.998516891 -0.053432674 -4.365533699 -0.998574410 0.007612258 -0.052831827 88.539298144
-0.061405255 0.055074119 0.996592312 36.855867847 0.012450394 0.998441101 -0.054409154 -4.391315935 -0.998035261 0.009066959 -0.061995225 88.474096484
-0.070500411 0.055267369 0.995979523 37.610980213 0.013914443 0.998421292 -0.054417930 -4.446441733 -0.997414698 0.010022014 -0.071158126 88.411621219
-0.078914997 0.055066606 0.995359278 38.329895563 0.016166640 0.998412554 -0.053953785 -4.494541263 -0.996750251 0.011833852 -0.079679965 88.349759042
-0.085737559 0.053670397 0.994871127 39.060904746 0.017836580 0.998470679 -0.052327434 -4.548218083 -0.996158084 0.013258672 -0.086563735 88.266384297
-0.090541254 0.052612518 0.994501988 39.784718039 0.021579162 0.998472737 -0.050857978 -4.585137442 -0.995658888 0.016855774 -0.091538308 88.195307730
-0.094257702 0.050997340 0.994240794 40.490249832 0.025025236 0.998492916 -0.048842958 -4.633840435 -0.995233251 0.020277286 -0.095391868 88.122162925
-0.096800681 0.049971919 0.994048508 41.190015241 0.028004871 0.998480123 -0.047467580 -4.673362169 -0.994909722 0.023243306 -0.098053013 88.044957630
-0.098229481 0.049394139 0.993937215 41.872403231 0.029584086 0.998470978 -0.046695690 -4.714481581 -0.994723957 0.024817830 -0.099540566 87.970161159
-0.098720086 0.050354633 0.993840407 42.550831068 0.031267526 0.998382739 -0.047478914 -4.748736893 -0.994623892 0.026387809 -0.100134895 87.907494318
-0.097846046 0.051175852 0.993884894 43.221980688 0.031644992 0.998331971 -0.048289447 -4.800052208 -0.994698319 0.026726548 -0.099302295 87.846711839
-0.094342527 0.052559785 0.994151375 43.827864725 0.032311660 0.998240904 -0.049709697 -4.847199475 -0.995015298 0.027432942 -0.095874864 87.768826683
-0.089522216 0.053045849 0.994571220 44.448281886 0.031751743 0.998225129 -0.050382730 -4.889260203 -0.995478578 0.027068996 -0.091047623 87.727045554
-0.080580752 0.054476727 0.995258272 45.037597462 0.032311302 0.998123320 -0.052017476 -4.916503198 -0.996224233 0.027966483 -0.082189742 87.662013778
-0.069307045 0.054368020 0.996112771 45.608378436 0.031113863 0.998145859 -0.052314161 -4.957116880 -0.997110055 0.027367176 -0.070870139 87.631133226
-0.055263885 0.054568398 0.996979535 46.177233158 0.029781905 0.998151281 -0.052981682 -5.002405523 -0.998027525 0.026763976 -0.056786869 87.600089958
-0.037932959 0.056234136 0.997696754 46.746551762 0.029035353 0.998055799 -0.055150433 -5.036644841 -0.998858368 0.026876458 -0.039491988 87.590634491
-0.016172738 0.059333916 0.998107173 47.249561749 0.026976838 0.997900229 -0.058884497 -5.064546794 -0.999505224 0.025973452 -0.017739421 87.588964530
0.008561138 0.062468192 0.998010236 47.757235321 0.024493027 0.997734277 -0.062661025 -5.106011525 -0.999663343 0.024980741 0.007011706 87.611129082
0.036821290 0.063927802 0.997275002 48.289062278 0.021871454 0.997661150 -0.064760091 -5.153843748 -0.999082495 0.024196404 0.035336977 87.649034954
0.070958213 0.063810397 0.995436168 48.790010796 0.019030450 0.997683474 -0.065311014 -5.187351967 -0.997297736 0.023577951 0.069579495 87.682429829
0.109813815 0.061736558 0.992033025 49.293581261 0.017951460 0.997783193 -0.064081555 -5.223405299 -0.993790054 0.024845481 0.108462118 87.740613584
0.152438271 0.058874501 0.986557837 49.820528639 0.015114175 0.997968480 -0.061890822 -5.253670580 -0.988197417 0.024345538 0.151238750 87.831312448
0.198235943 0.054940491 0.978613332 50.335360757 0.011374168 0.998231627 -0.058345929 -5.289453804 -0.980088332 0.022697172 0.197260486 87.941403393
0.246377001 0.052849229 0.967732056 50.828127856 0.005045248 0.998428655 -0.055810095 -5.314882651 -0.969160935 0.018632772 0.245723221 88.102102887
0.297853523 0.050753570 0.953261430 51.330836557 -0.001523214 0.998609647 -0.052692061 -5.362218181 -0.954610370 0.014242495 0.297516710 88.276369283
0.352855565 0.050100325 0.934335543 51.815375867 -0.002418047 0.998610960 -0.052633674 -5.409145919 -0.935674678 0.016312817 0.352486580 88.468612677
0.411651079 0.050492247 0.909941714 52.261229460 -0.002348819 0.998519467 -0.054344797 -5.447036237 -0.911338506 0.020233806 0.411160213 88.674549520
0.473819198 0.051603471 0.879108895 52.705673039 -0.002655591 0.998360799 -0.057172226 -5.508652714 -0.880618144 0.024754745 0.473179550 88.882470355
0.534512696 0.053796463 0.843446571 53.152262294 -0.003121802 0.998090996 -0.061681586 -5.544142827 -0.845154679 0.030336518 0.533660251 89.142475732
0.592440509 0.057942385 0.803527799 53.515720479 -0.009816160 0.997855319 -0.064717893 -5.569807269 -0.805554397 0.030453944 0.591738684 89.446828056
0.647248648 0.060781663 0.759851813 53.849783273 -0.015794623 0.997671313 -0.066351191 -5.599613225 -0.762115292 0.030944146 0.646701432 89.784709777
0.698590572 0.061723050 0.712854457 54.149037786 -0.019319295 0.997536290 -0.067439721 -5.626010326 -0.715260776 0.033340908 0.698061893 90.134652879
0.746652751 0.059673980 0.662532026 54.440104297 -0.021455600 0.997610399 -0.065674562 -5.650283204 -0.664867901 0.034821070 0.746148891 90.500200329
0.790317023 0.056481959 0.610089167 54.697196435 -0.025750219 0.997924008 -0.059030496 -5.682154072 -0.612156785 0.030942876 0.790130754 90.895119040
0.830302631 0.049919344 0.555072608 54.938777086 -0.026529162 0.998391561 -0.050104830 -5.710261631 -0.556681008 0.026876561 0.830291458 91.307113489
0.864937876 0.047831311 0.499594472 55.144326384 -0.030793916 0.998630443 -0.042296261 -5.731837040 -0.500933334 0.021199168 0.865226208 91.739170425
0.894386726 0.044056715 0.445119524 55.318776921 -0.032433855 0.998905612 -0.033699018 -5.756142456 -0.446117058 0.015703012 0.894836849 92.157496305
0.918054934 0.045009584 0.393889927 55.460243848 -0.037413620 0.998936488 -0.026946506 -5.776087230 -0.394683872 0.010001525 0.918762543 92.587109778
0.936329285 0.047696485 0.347868531 55.566995221 -0.042644720 0.998844316 -0.022168898 -5.799099869 -0.348523883 0.005922632 0.937281188 93.014324971
0.949807960 0.054351504 0.308075889 55.662764262 -0.051206998 0.998520591 -0.018288617 -5.813989094 -0.308614133 0.001595032 0.951185982 93.442815149
0.960403959 0.058226827 0.272458935 55.757157220 -0.055399772 0.998300833 -0.018064116 -5.824329306 -0.273047798 0.002254686 0.961997826 93.865468129
0.968742764 0.059624835 0.240795217 55.863688601 -0.057114169 0.998216037 -0.017398722 -5.818913844 -0.241403043 0.003102067 0.970419985 94.282219555
0.974436888 0.052157693 0.218523059 55.964349396 -0.049610680 0.998621720 -0.017130127 -5.810815329 -0.219115341 0.005851150 0.975681419 94.775157437
0.977912727 0.049791413 0.202996339 56.054404241 -0.047585511 0.998743208 -0.015736040 -5.833459323 -0.203524734 0.005728789 0.979053044 95.235996534
0.980398583 0.053125831 0.189726816 56.151031740 -0.051049830 0.998570863 -0.015816032 -5.843113122 -0.190295910 0.005820494 0.981709524 95.696224260
0.981862601 0.059167570 0.180125046 56.221496222 -0.057402809 0.998238424 -0.014998865 -5.860980740 -0.180695189 0.004387141 0.983529360 96.206316596
0.982548219 0.066106301 0.173864758 56.297804085 -0.064246923 0.997800788 -0.016307042 -5.855830724 -0.174560391 0.004852179 0.984634514 96.711522452
0.982723954 0.070992514 0.170920136 56.366022166 -0.068568219 0.997444871 -0.020053151 -5.864100576 -0.171907037 0.007987023 0.985080798 97.238799984
0.982821971 0.072432751 0.169748253 56.463902457 -0.069612537 0.997319991 -0.022515102 -5.884615088 -0.170924157 0.010311730 0.985230227 97.758660961
0.982533059 0.071053751 0.171988816 56.564298224 -0.067568446 0.997374706 -0.026042284 -5.906919352 -0.173387697 0.013966388 0.984754612 98.274014649
0.982013551 0.069575035 0.175524075 56.671548789 -0.064858218 0.997365928 -0.032474861 -5.934269065 -0.177321171 0.020506575 0.983939369 98.817422460
0.981354096 0.069187549 0.179324348 56.782471445 -0.063458871 0.997279857 -0.037494773 -5.943180749 -0.181430731 0.025415929 0.983075236 99.371418232
0.980228387 0.073969191 0.183523482 56.884072084 -0.068224230 0.996967571 -0.037431492 -5.960701033 -0.185735738 0.024170662 0.982302405 99.946882127
0.978772878 0.078049202 0.189504554 56.981712161 -0.073042926 0.996773690 -0.033270740 -5.995090936 -0.191489909 0.018722531 0.981315995 100.554707329
0.978005862 0.075111402 0.194583687 57.098645991 -0.070831677 0.997070417 -0.028869643 -6.017964598 -0.196182078 0.014451991 0.980460980 101.175651705
0.977466931 0.071427326 0.198636694 57.230399207 -0.068133261 0.997402285 -0.023378201 -6.046625164 -0.199790535 0.009317652 0.979794327 101.798779986
0.976754598 0.069856425 0.202658668 57.354572293 -0.067427102 0.997545643 -0.018875286 -6.073635292 -0.203479832 0.004771836 0.979067509 102.453742450
0.976569179 0.064440811 0.205329052 57.502629575 -0.061996698 0.997908177 -0.018321560 -6.089887486 -0.206080196 0.005162548 0.978521487 103.064836862
0.976811098 0.060716225 0.205313467 57.648010378 -0.057524290 0.998112882 -0.021485594 -6.112768564 -0.206230540 0.009176856 0.978460398 103.687362781
0.977066661 0.059726583 0.204385605 57.790639665 -0.055063653 0.998077983 -0.028431198 -6.138132041 -0.205690871 0.016524957 0.978477486 104.331716876
0.977192844 0.062237074 0.203028798 57.933655015 -0.056293817 0.997803271 -0.034923324 -6.162070506 -0.204756324 0.022697556 0.978549778 104.973785548
0.977589334 0.064906214 0.200265520 58.063035555 -0.058291111 0.997546909 -0.038759664 -6.187039552 -0.202289993 0.026217335 0.978974673 105.661642854
0.978112278 0.063865667 0.198034208 58.199530581 -0.058133332 0.997707937 -0.034632187 -6.207565638 -0.199792109 0.022361779 0.979583107 106.354998210
0.978529246 0.059853583 0.197225918 58.333143565 -0.055625453 0.998088907 -0.026913624 -6.237636123 -0.198459877 0.015364987 0.979988568 107.081155648
0.978933249 0.060697586 0.194949985 58.469457926 -0.057769720 0.998115834 -0.020674648 -6.274518296 -0.195837568 0.008976894 0.980595259 107.789767350
0.979047359 0.064219321 0.193241166 58.601888741 -0.061232430 0.997894178 -0.021396256 -6.296253483 -0.194208288 0.009115322 0.980917964 108.529253055
0.979201854 0.069533436 0.190601234 58.730142131 -0.065828569 0.997499703 -0.025708778 -6.329479639 -0.191912294 0.012627076 0.981330845 109.260092703
0.979949393 0.069781215 0.186627353 58.866248760 -0.065142999 0.997398063 -0.030878679 -6.359175249 -0.188296513 0.018102078 0.981945384 110.014504560
0.980845086 0.068433900 0.182372470 59.010026376 -0.063355802 0.997427458 -0.033533701 -6.388250598 -0.184198151 0.021337011 0.982657505 110.767311142
0.981699216 0.066543521 0.178433764 59.150478153 -0.061809758 0.997575960 -0.031964949 -6.420482966 -0.180128294 0.020351018 0.983432577 111.536072531
0.982600745 0.062455823 0.174914398 59.294826103 -0.058068793 0.997858928 -0.030092784 -6.444852646 -0.176419363 0.019412124 0.984123660 112.331448769
0.982993815 0.061520260 0.173027215 59.438623771 -0.057710010 0.997968996 -0.026971069 -6.484434639 -0.174335063 0.016526992 0.984547685 113.115921340
0.983509930 0.058060919 0.171280903 59.595006636 -0.054645896 0.998202964 -0.024590017 -6.510576391 -0.172400824 0.014824727 0.984915318 113.881920411
0.983843662 0.053465427 0.170859877 59.738732275 -0.050232659 0.998468251 -0.023191214 -6.544737362 -0.171838091 0.014233782 0.985022370 114.699923695
0.983862267 0.054784839 0.170333968 59.872691002 -0.051881316 0.998422782 -0.021454100 -6.572525159 -0.171240674 0.012270729 0.985152811 115.502712080
0.983588506 0.059764609 0.170240542 60.012911175 -0.056571130 0.998120729 -0.023552450 -6.601137299 -0.171328217 0.013535220 0.985121028 116.310982400
0.983190947 0.065474732 0.170436558 60.141876538 -0.061837469 0.997732552 -0.026568427 -6.633050639 -0.171789663 0.015582471 0.985010405 117.110372102
0.982476520 0.073973091 0.171078546 60.280534440 -0.070173343 0.997137246 -0.028160532 -6.664559248 -0.172671912 0.015661908 0.984854870 117.955270064
0.981440623 0.080614420 0.173998903 60.415989591 -0.077011496 0.996654435 -0.027370906 -6.700266981 -0.175623268 0.013463003 0.984365387 118.765085778
0.980573700 0.083844111 0.177328461 60.546434055 -0.080634532 0.996424054 -0.025242349 -6.740286544 -0.178810767 0.010453186 0.983827953 119.604350527
0.980163415 0.084574970 0.179239379 60.714160803 -0.081209207 0.996356688 -0.026046414 -6.776141461 -0.180789229 0.010973854 0.983460639 120.410867443
0.979917463 0.083061366 0.181280376 60.857785467 -0.079102359 0.996445358 -0.028973514 -6.804225759 -0.183042569 0.014051947 0.983004558 121.269491050
0.980281498 0.076402845 0.182238279 61.028994096 -0.072562551 0.996980287 -0.027658318 -6.834848926 -0.183801146 0.013889263 0.982865315 122.106270695
0.980732066 0.069350422 0.182633881 61.188253204 -0.065042407 0.997446925 -0.029480790 -6.866051393 -0.184212108 0.017033809 0.982738901 122.964715290
0.980758514 0.067604230 0.183145859 61.361386182 -0.063207329 0.997557006 -0.029746495 -6.894781172 -0.184709424 0.017597967 0.982635609 123.789458385
0.980277672 0.069737077 0.184911939 61.510673135 -0.065914919 0.997466752 -0.026745123 -6.932903389 -0.186308638 0.014029192 0.982391100 124.638834381
0.979839664 0.072379046 0.186213602 61.659838962 -0.069676315 0.997348025 -0.021026830 -6.961800226 -0.187241670 0.007628245 0.982284260 125.480617752
0.979366655 0.077409939 0.186677951 61.831751768 -0.075661893 0.996997308 -0.016481677 -7.003096691 -0.187393260 0.002017198 0.982282901 126.275348899
0.979364364 0.075654238 0.187408322 61.984205835 -0.072626815 0.997094453 -0.022978202 -7.038967928 -0.188602196 0.008893163 0.982013301 127.125465790
0.979899111 0.071188037 0.186359854 62.146252926 -0.065350459 0.997165363 -0.037290153 -7.076137924 -0.188486205 0.024361886 0.981773624 127.955088195
0.980339511 0.068285351 0.185125781 62.307096915 -0.060680054 0.997076005 -0.046447502 -7.107847848 -0.187756158 0.034300879 0.981616562 128.767665942
0.980538478 0.066087706 0.184869435 62.463170050 -0.060206185 0.997490478 -0.037255356 -7.139282967 -0.186867622 0.025400026 0.982056684 129.594480571
0.980992531 0.059765914 0.184612266 62.619906447 -0.057636441 0.998194846 -0.016884628 -7.168026300 -0.185288138 0.005923300 0.982666383 130.454111221
0.981237043 0.056514552 0.184336570 62.769241951 -0.057104410 0.998365979 -0.002111590 -7.195380839 -0.184154696 -0.008454460 0.982860911 131.307383341
0.981115826 0.060906953 0.183581262 62.907464882 -0.060527180 0.998137029 -0.007676769 -7.225216256 -0.183706824 -0.003579856 0.982974561 132.128140968
0.981016828 0.068827139 0.181297567 63.041181514 -0.065612426 0.997564236 -0.023677086 -7.244840073 -0.182485595 0.011332247 0.983143218 132.928484247
0.981327474 0.068561726 0.179709983 63.185990529 -0.063926348 0.997458420 -0.031466198 -7.265199623 -0.181410613 0.019390442 0.983216253 133.729144622
0.982025291 0.064343694 0.177443562 63.335833846 -0.059616633 0.997713115 -0.031849600 -7.304852661 -0.179087090 0.020698525 0.983615466 134.540597307
0.982548103 0.064448219 0.174486826 63.478125147 -0.060107328 0.997739351 -0.030054895 -7.347763076 -0.176029357 0.019042443 0.984200717 135.358475147
0.983261883 0.063740511 0.170684552 63.615838074 -0.059235297 0.997751209 -0.031364068 -7.377903714 -0.172299880 0.020728543 0.984826421 136.176235220
0.984036153 0.064993009 0.165676667 63.742791253 -0.060396847 0.997640779 -0.032635831 -7.414847123 -0.167406900 0.022108489 0.985639967 136.964225813
0.984134077 0.070481877 0.162826362 63.859459848 -0.066029037 0.997284828 -0.032605784 -7.453136357 -0.164682378 0.021337195 0.986115834 137.770109417
0.984034794 0.076418181 0.160735142 63.971726347 -0.072039149 0.996858853 -0.032905753 -7.483916983 -0.162744847 0.020801183 0.986448897 138.586202765
0.984279558 0.077597251 0.158658183 64.093319143 -0.073593717 0.996807494 -0.030964241 -7.517505249 -0.160554406 0.018801224 0.986847910 139.385082250
0.984626332 0.075877429 0.157332777 64.222557040 -0.072637680 0.997012921 -0.026248848 -7.545812529 -0.158854507 0.014417019 0.987196736 140.193790783
0.985055636 0.074112914 0.155475623 64.351767297 -0.070833305 0.997135114 -0.026536911 -7.576734026 -0.156996931 0.015127482 0.987483227 140.995219921
0.985650246 0.072442428 0.152465362 64.474042021 -0.068754299 0.997202336 -0.029331689 -7.617463178 -0.154163674 0.018428138 0.987873456 141.797202762
0.986777218 0.067335366 0.147433612 64.592092271 -0.063163651 0.997463968 -0.032802222 -7.654170128 -0.149268465 0.023056040 0.988527867 142.610101431
0.987915876 0.064288175 0.141029264 64.696873006 -0.060089630 0.997619403 -0.033834337 -7.678278117 -0.142868677 0.024951082 0.989427099 143.425231821
0.988884378 0.062708686 0.134815832 64.793721473 -0.059412145 0.997831115 -0.028341893 -7.713294160 -0.136300715 0.020017157 0.990465259 144.235876866
0.989855019 0.060469470 0.128570932 64.901748671 -0.058389936 0.998095770 -0.019885921 -7.743289909 -0.129528594 0.012176930 0.991500916 145.031893881
0.990400435 0.057655307 0.125629792 64.986535989 -0.056804631 0.998331704 -0.010346186 -7.770343628 -0.126016716 0.003110513 0.992023242 145.850877223
0.990473335 0.064185101 0.121831214 65.063317175 -0.063693315 0.997938006 -0.007930816 -7.786332493 -0.122089039 0.000095428 0.992519147 146.650897776
0.990954329 0.066871288 0.116351828 65.152410144 -0.065890918 0.997751557 -0.012256283 -7.811521506 -0.116909811 0.004478888 0.993132436 147.458207875
0.991850939 0.066795665 0.108489883 65.229973244 -0.064720432 0.997648795 -0.022542133 -7.829571593 -0.109740518 0.015336924 0.993841938 148.255414777
0.992738791 0.063615317 0.102092038 65.302666518 -0.061063045 0.997742886 -0.027936322 -7.845020215 -0.103638783 0.021499420 0.994382611 149.056511791
0.993412247 0.062974984 0.095740581 65.367859786 -0.060673005 0.997798634 -0.026770749 -7.871860537 -0.097215709 0.020785521 0.995046264 149.864864313
0.993640239 0.069982559 0.088212909 65.423890369 -0.068205492 0.997406035 -0.023004635 -7.907779680 -0.089594011 0.016841726 0.995835965 150.688728048
0.993951579 0.074948951 0.080267755 65.457404978 -0.073236344 0.997023966 -0.024075922 -7.935991185 -0.081833341 0.018051784 0.996482532 151.526095001
0.994600114 0.076720585 0.069889659 65.505660282 -0.074803528 0.996757404 -0.029649792 -7.960922782 -0.071937784 0.024261693 0.997113998 152.318557734
0.995272493 0.075468697 0.061132151 65.552877142 -0.073617232 0.996773183 -0.031995715 -7.986162090 -0.063349563 0.027344075 0.997616727 153.116888880
0.995766943 0.075040800 0.053076109 65.589151938 -0.073590283 0.996873275 -0.028777472 -8.019057282 -0.055069640 0.024749769 0.998175728 153.928095702
0.995928455 0.077903140 0.045360917 65.617179496 -0.077005422 0.996804935 -0.021215255 -8.049922252 -0.046868721 0.017635839 0.998745363 154.741096508
0.995926385 0.081994495 0.037517172 65.629776638 -0.081467425 0.996557473 -0.015370774 -8.071871133 -0.038648337 0.012251732 0.999177763 155.561472814
